#timebase=2000000(ps)
,#voltbase=50000(mv/100)
#size=4000
-2.665E-05,0.002
-2.664E-05,0.002
-2.663E-05,0.004
-2.662E-05,0.000
-2.661E-05,0.002
-2.660E-05,0.004
-2.659E-05,0.002
-2.658E-05,0.002
-2.657E-05,0.006
-2.656E-05,0.000
-2.655E-05,0.000
-2.654E-05,0.002
-2.653E-05,0.000
-2.652E-05,0.000
-2.651E-05,0.002
-2.650E-05,0.000
-2.649E-05,0.000
-2.648E-05,0.004
-2.647E-05,0.002
-2.646E-05,0.002
-2.645E-05,0.002
-2.644E-05,0.002
-2.643E-05,0.002
-2.642E-05,0.002
-2.641E-05,0.002
-2.640E-05,0.002
-2.639E-05,0.002
-2.638E-05,0.002
-2.637E-05,0.004
-2.636E-05,0.002
-2.635E-05,0.002
-2.634E-05,0.004
-2.633E-05,0.002
-2.632E-05,0.002
-2.631E-05,0.002
-2.630E-05,0.000
-2.629E-05,0.000
-2.628E-05,0.002
-2.627E-05,0.004
-2.626E-05,0.004
-2.625E-05,0.000
-2.624E-05,0.000
-2.623E-05,0.002
-2.622E-05,0.000
-2.621E-05,0.004
-2.620E-05,0.002
-2.619E-05,0.002
-2.618E-05,0.004
-2.617E-05,0.000
-2.616E-05,0.000
-2.615E-05,0.002
-2.614E-05,0.002
-2.613E-05,0.002
-2.612E-05,0.002
-2.611E-05,0.002
-2.610E-05,0.000
-2.609E-05,0.002
-2.608E-05,0.002
-2.607E-05,0.002
-2.606E-05,0.002
-2.605E-05,0.000
-2.604E-05,0.002
-2.603E-05,0.002
-2.602E-05,0.002
-2.601E-05,0.004
-2.600E-05,0.002
-2.599E-05,0.000
-2.598E-05,0.002
-2.597E-05,0.002
-2.596E-05,0.004
-2.595E-05,0.000
-2.594E-05,0.000
-2.593E-05,0.002
-2.592E-05,0.004
-2.591E-05,0.000
-2.590E-05,0.002
-2.589E-05,0.002
-2.588E-05,0.000
-2.587E-05,0.002
-2.586E-05,0.000
-2.585E-05,0.002
-2.584E-05,0.002
-2.583E-05,0.004
-2.582E-05,0.004
-2.581E-05,0.004
-2.580E-05,0.004
-2.579E-05,0.004
-2.578E-05,0.002
-2.577E-05,0.000
-2.576E-05,0.002
-2.575E-05,0.004
-2.574E-05,0.000
-2.573E-05,0.004
-2.572E-05,0.002
-2.571E-05,0.002
-2.570E-05,0.000
-2.569E-05,0.002
-2.568E-05,0.002
-2.567E-05,0.002
-2.566E-05,0.002
-2.565E-05,0.000
-2.564E-05,0.002
-2.563E-05,0.004
-2.562E-05,0.000
-2.561E-05,0.002
-2.560E-05,0.002
-2.559E-05,0.004
-2.558E-05,0.004
-2.557E-05,0.004
-2.556E-05,0.004
-2.555E-05,0.000
-2.554E-05,0.000
-2.553E-05,0.002
-2.552E-05,0.002
-2.551E-05,0.002
-2.550E-05,0.002
-2.549E-05,0.004
-2.548E-05,0.004
-2.547E-05,0.000
-2.546E-05,0.000
-2.545E-05,0.002
-2.544E-05,0.000
-2.543E-05,0.002
-2.542E-05,0.002
-2.541E-05,0.002
-2.540E-05,0.002
-2.539E-05,0.002
-2.538E-05,0.004
-2.537E-05,0.004
-2.536E-05,0.000
-2.535E-05,0.002
-2.534E-05,0.002
-2.533E-05,0.002
-2.532E-05,0.002
-2.531E-05,0.000
-2.530E-05,0.002
-2.529E-05,0.002
-2.528E-05,0.002
-2.527E-05,0.002
-2.526E-05,0.004
-2.525E-05,0.002
-2.524E-05,0.000
-2.523E-05,0.000
-2.522E-05,0.002
-2.521E-05,0.002
-2.520E-05,0.002
-2.519E-05,0.000
-2.518E-05,0.002
-2.517E-05,0.002
-2.516E-05,0.002
-2.515E-05,0.002
-2.514E-05,0.000
-2.513E-05,0.002
-2.512E-05,0.002
-2.511E-05,0.004
-2.510E-05,0.004
-2.509E-05,0.000
-2.508E-05,0.000
-2.507E-05,0.004
-2.506E-05,0.004
-2.505E-05,0.004
-2.504E-05,0.004
-2.503E-05,0.000
-2.502E-05,0.000
-2.501E-05,0.002
-2.500E-05,0.000
-2.499E-05,0.002
-2.498E-05,0.004
-2.497E-05,0.002
-2.496E-05,0.002
-2.495E-05,0.002
-2.494E-05,0.000
-2.493E-05,0.002
-2.492E-05,0.002
-2.491E-05,0.000
-2.490E-05,0.002
-2.489E-05,0.002
-2.488E-05,0.002
-2.487E-05,0.002
-2.486E-05,0.002
-2.485E-05,0.000
-2.484E-05,0.002
-2.483E-05,0.000
-2.482E-05,0.002
-2.481E-05,0.000
-2.480E-05,0.002
-2.479E-05,0.002
-2.478E-05,0.002
-2.477E-05,0.002
-2.476E-05,0.002
-2.475E-05,0.004
-2.474E-05,0.000
-2.473E-05,0.002
-2.472E-05,0.002
-2.471E-05,0.004
-2.470E-05,0.002
-2.469E-05,0.004
-2.468E-05,0.000
-2.467E-05,0.000
-2.466E-05,0.002
-2.465E-05,0.000
-2.464E-05,0.002
-2.463E-05,0.002
-2.462E-05,0.002
-2.461E-05,0.002
-2.460E-05,0.004
-2.459E-05,0.004
-2.458E-05,0.002
-2.457E-05,0.002
-2.456E-05,0.002
-2.455E-05,0.002
-2.454E-05,0.002
-2.453E-05,0.000
-2.452E-05,0.002
-2.451E-05,0.000
-2.450E-05,0.004
-2.449E-05,0.000
-2.448E-05,0.002
-2.447E-05,0.000
-2.446E-05,0.002
-2.445E-05,0.000
-2.444E-05,0.002
-2.443E-05,0.004
-2.442E-05,0.004
-2.441E-05,0.004
-2.440E-05,0.004
-2.439E-05,0.000
-2.438E-05,0.002
-2.437E-05,0.004
-2.436E-05,0.002
-2.435E-05,0.002
-2.434E-05,0.002
-2.433E-05,0.004
-2.432E-05,0.002
-2.431E-05,0.002
-2.430E-05,0.002
-2.429E-05,0.002
-2.428E-05,0.000
-2.427E-05,0.002
-2.426E-05,0.000
-2.425E-05,0.000
-2.424E-05,0.002
-2.423E-05,0.000
-2.422E-05,0.000
-2.421E-05,0.002
-2.420E-05,0.000
-2.419E-05,0.002
-2.418E-05,0.002
-2.417E-05,0.002
-2.416E-05,0.002
-2.415E-05,0.000
-2.414E-05,0.002
-2.413E-05,0.002
-2.412E-05,0.002
-2.411E-05,0.004
-2.410E-05,0.002
-2.409E-05,0.002
-2.408E-05,0.000
-2.407E-05,0.002
-2.406E-05,0.004
-2.405E-05,0.000
-2.404E-05,0.000
-2.403E-05,0.002
-2.402E-05,0.004
-2.401E-05,0.000
-2.400E-05,0.002
-2.399E-05,0.002
-2.398E-05,0.002
-2.397E-05,0.002
-2.396E-05,0.004
-2.395E-05,0.002
-2.394E-05,0.002
-2.393E-05,0.002
-2.392E-05,0.002
-2.391E-05,0.002
-2.390E-05,0.004
-2.389E-05,0.000
-2.388E-05,0.002
-2.387E-05,0.002
-2.386E-05,0.002
-2.385E-05,0.002
-2.384E-05,0.002
-2.383E-05,0.002
-2.382E-05,0.004
-2.381E-05,0.002
-2.380E-05,0.002
-2.379E-05,0.000
-2.378E-05,0.004
-2.377E-05,0.000
-2.376E-05,0.000
-2.375E-05,0.002
-2.374E-05,0.004
-2.373E-05,0.000
-2.372E-05,0.002
-2.371E-05,0.002
-2.370E-05,0.002
-2.369E-05,0.002
-2.368E-05,0.002
-2.367E-05,0.002
-2.366E-05,0.002
-2.365E-05,0.002
-2.364E-05,0.002
-2.363E-05,0.002
-2.362E-05,0.002
-2.361E-05,0.000
-2.360E-05,0.002
-2.359E-05,0.002
-2.358E-05,0.004
-2.357E-05,0.002
-2.356E-05,0.004
-2.355E-05,0.004
-2.354E-05,0.004
-2.353E-05,0.004
-2.352E-05,0.000
-2.351E-05,0.000
-2.350E-05,0.002
-2.349E-05,0.002
-2.348E-05,0.002
-2.347E-05,0.002
-2.346E-05,0.002
-2.345E-05,0.004
-2.344E-05,0.002
-2.343E-05,0.002
-2.342E-05,0.000
-2.341E-05,0.000
-2.340E-05,0.002
-2.339E-05,0.002
-2.338E-05,0.002
-2.337E-05,0.002
-2.336E-05,0.002
-2.335E-05,0.002
-2.334E-05,0.002
-2.333E-05,0.002
-2.332E-05,0.000
-2.331E-05,0.000
-2.330E-05,0.002
-2.329E-05,0.004
-2.328E-05,0.000
-2.327E-05,0.002
-2.326E-05,0.002
-2.325E-05,0.002
-2.324E-05,0.004
-2.323E-05,0.000
-2.322E-05,0.000
-2.321E-05,0.002
-2.320E-05,0.000
-2.319E-05,0.002
-2.318E-05,0.000
-2.317E-05,0.004
-2.316E-05,0.000
-2.315E-05,0.000
-2.314E-05,0.002
-2.313E-05,0.000
-2.312E-05,0.002
-2.311E-05,0.000
-2.310E-05,0.004
-2.309E-05,0.002
-2.308E-05,0.002
-2.307E-05,0.002
-2.306E-05,0.004
-2.305E-05,0.002
-2.304E-05,0.000
-2.303E-05,0.000
-2.302E-05,0.002
-2.301E-05,0.002
-2.300E-05,0.002
-2.299E-05,0.002
-2.298E-05,0.002
-2.297E-05,0.002
-2.296E-05,0.002
-2.295E-05,0.002
-2.294E-05,0.004
-2.293E-05,0.002
-2.292E-05,0.000
-2.291E-05,0.002
-2.290E-05,0.002
-2.289E-05,0.004
-2.288E-05,0.002
-2.287E-05,0.004
-2.286E-05,0.004
-2.285E-05,0.004
-2.284E-05,0.004
-2.283E-05,0.000
-2.282E-05,0.002
-2.281E-05,0.002
-2.280E-05,0.002
-2.279E-05,0.002
-2.278E-05,0.002
-2.277E-05,0.002
-2.276E-05,0.004
-2.275E-05,0.004
-2.274E-05,0.004
-2.273E-05,0.000
-2.272E-05,0.000
-2.271E-05,0.002
-2.270E-05,0.004
-2.269E-05,0.004
-2.268E-05,0.000
-2.267E-05,0.004
-2.266E-05,0.002
-2.265E-05,0.002
-2.264E-05,0.004
-2.263E-05,0.004
-2.262E-05,0.004
-2.261E-05,0.000
-2.260E-05,0.000
-2.259E-05,0.002
-2.258E-05,0.002
-2.257E-05,0.002
-2.256E-05,0.002
-2.255E-05,0.002
-2.254E-05,0.000
-2.253E-05,0.000
-2.252E-05,0.002
-2.251E-05,0.004
-2.250E-05,0.004
-2.249E-05,0.000
-2.248E-05,0.000
-2.247E-05,0.004
-2.246E-05,0.000
-2.245E-05,0.002
-2.244E-05,0.004
-2.243E-05,0.002
-2.242E-05,0.004
-2.241E-05,0.002
-2.240E-05,0.000
-2.239E-05,0.002
-2.238E-05,0.002
-2.237E-05,0.002
-2.236E-05,0.002
-2.235E-05,0.002
-2.234E-05,0.002
-2.233E-05,0.000
-2.232E-05,0.002
-2.231E-05,0.000
-2.230E-05,0.002
-2.229E-05,0.000
-2.228E-05,0.002
-2.227E-05,0.002
-2.226E-05,0.002
-2.225E-05,0.002
-2.224E-05,0.002
-2.223E-05,0.004
-2.222E-05,0.002
-2.221E-05,0.002
-2.220E-05,0.002
-2.219E-05,0.000
-2.218E-05,0.002
-2.217E-05,0.000
-2.216E-05,0.002
-2.215E-05,0.002
-2.214E-05,0.004
-2.213E-05,0.002
-2.212E-05,0.004
-2.211E-05,0.004
-2.210E-05,0.004
-2.209E-05,0.000
-2.208E-05,0.002
-2.207E-05,0.002
-2.206E-05,0.002
-2.205E-05,0.002
-2.204E-05,0.004
-2.203E-05,0.000
-2.202E-05,0.002
-2.201E-05,0.002
-2.200E-05,0.002
-2.199E-05,0.002
-2.198E-05,0.004
-2.197E-05,0.004
-2.196E-05,0.000
-2.195E-05,0.002
-2.194E-05,0.002
-2.193E-05,0.004
-2.192E-05,0.002
-2.191E-05,0.002
-2.190E-05,0.002
-2.189E-05,0.002
-2.188E-05,0.002
-2.187E-05,0.002
-2.186E-05,0.002
-2.185E-05,0.002
-2.184E-05,0.000
-2.183E-05,0.002
-2.182E-05,0.002
-2.181E-05,0.004
-2.180E-05,0.000
-2.179E-05,0.002
-2.178E-05,0.004
-2.177E-05,0.002
-2.176E-05,0.000
-2.175E-05,0.004
-2.174E-05,0.004
-2.173E-05,0.002
-2.172E-05,0.004
-2.171E-05,0.004
-2.170E-05,0.002
-2.169E-05,0.002
-2.168E-05,0.004
-2.167E-05,0.006
-2.166E-05,0.004
-2.165E-05,0.004
-2.164E-05,0.004
-2.163E-05,0.002
-2.162E-05,0.002
-2.161E-05,0.002
-2.160E-05,0.002
-2.159E-05,0.002
-2.158E-05,0.002
-2.157E-05,0.002
-2.156E-05,0.002
-2.155E-05,0.002
-2.154E-05,0.002
-2.153E-05,0.002
-2.152E-05,0.002
-2.151E-05,0.004
-2.150E-05,0.002
-2.149E-05,0.002
-2.148E-05,0.002
-2.147E-05,0.002
-2.146E-05,0.002
-2.145E-05,0.002
-2.144E-05,0.002
-2.143E-05,0.004
-2.142E-05,0.004
-2.141E-05,0.000
-2.140E-05,0.002
-2.139E-05,0.002
-2.138E-05,0.002
-2.137E-05,0.002
-2.136E-05,0.004
-2.135E-05,0.004
-2.134E-05,0.000
-2.133E-05,0.000
-2.132E-05,0.002
-2.131E-05,0.004
-2.130E-05,0.000
-2.129E-05,0.000
-2.128E-05,0.002
-2.127E-05,0.002
-2.126E-05,0.002
-2.125E-05,0.002
-2.124E-05,0.002
-2.123E-05,0.002
-2.122E-05,0.002
-2.121E-05,0.002
-2.120E-05,0.002
-2.119E-05,0.004
-2.118E-05,0.004
-2.117E-05,0.000
-2.116E-05,0.002
-2.115E-05,0.002
-2.114E-05,0.002
-2.113E-05,0.002
-2.112E-05,0.002
-2.111E-05,0.002
-2.110E-05,0.002
-2.109E-05,0.000
-2.108E-05,0.002
-2.107E-05,0.004
-2.106E-05,0.002
-2.105E-05,0.002
-2.104E-05,0.002
-2.103E-05,0.000
-2.102E-05,0.002
-2.101E-05,0.000
-2.100E-05,0.000
-2.099E-05,0.002
-2.098E-05,0.002
-2.097E-05,0.002
-2.096E-05,0.002
-2.095E-05,0.002
-2.094E-05,0.002
-2.093E-05,0.000
-2.092E-05,0.000
-2.091E-05,0.002
-2.090E-05,0.006
-2.089E-05,0.000
-2.088E-05,0.000
-2.087E-05,0.002
-2.086E-05,0.002
-2.085E-05,0.002
-2.084E-05,0.002
-2.083E-05,0.004
-2.082E-05,0.002
-2.081E-05,0.004
-2.080E-05,0.000
-2.079E-05,0.000
-2.078E-05,0.004
-2.077E-05,0.004
-2.076E-05,0.000
-2.075E-05,0.002
-2.074E-05,0.002
-2.073E-05,0.002
-2.072E-05,0.002
-2.071E-05,0.002
-2.070E-05,0.002
-2.069E-05,0.002
-2.068E-05,0.002
-2.067E-05,0.004
-2.066E-05,0.004
-2.065E-05,0.004
-2.064E-05,0.000
-2.063E-05,0.002
-2.062E-05,0.002
-2.061E-05,0.002
-2.060E-05,0.004
-2.059E-05,0.000
-2.058E-05,0.002
-2.057E-05,0.002
-2.056E-05,0.000
-2.055E-05,0.002
-2.054E-05,0.004
-2.053E-05,0.000
-2.052E-05,0.002
-2.051E-05,0.002
-2.050E-05,0.000
-2.049E-05,0.000
-2.048E-05,0.002
-2.047E-05,0.000
-2.046E-05,0.004
-2.045E-05,0.000
-2.044E-05,0.002
-2.043E-05,0.000
-2.042E-05,0.000
-2.041E-05,0.002
-2.040E-05,0.004
-2.039E-05,0.000
-2.038E-05,0.002
-2.037E-05,0.002
-2.036E-05,0.002
-2.035E-05,0.000
-2.034E-05,0.002
-2.033E-05,0.002
-2.032E-05,0.002
-2.031E-05,0.002
-2.030E-05,0.002
-2.029E-05,0.002
-2.028E-05,0.002
-2.027E-05,0.000
-2.026E-05,0.000
-2.025E-05,0.002
-2.024E-05,0.002
-2.023E-05,0.002
-2.022E-05,0.002
-2.021E-05,0.002
-2.020E-05,0.002
-2.019E-05,0.002
-2.018E-05,0.002
-2.017E-05,0.002
-2.016E-05,0.002
-2.015E-05,0.004
-2.014E-05,0.002
-2.013E-05,0.000
-2.012E-05,0.002
-2.011E-05,0.002
-2.010E-05,0.002
-2.009E-05,0.002
-2.008E-05,0.002
-2.007E-05,0.004
-2.006E-05,0.002
-2.005E-05,0.002
-2.004E-05,0.002
-2.003E-05,0.002
-2.002E-05,0.004
-2.001E-05,0.000
-2.000E-05,0.000
-1.999E-05,0.002
-1.998E-05,0.002
-1.997E-05,0.002
-1.996E-05,0.004
-1.995E-05,0.000
-1.994E-05,0.002
-1.993E-05,0.002
-1.992E-05,0.004
-1.991E-05,0.000
-1.990E-05,0.002
-1.989E-05,0.002
-1.988E-05,0.002
-1.987E-05,0.000
-1.986E-05,0.002
-1.985E-05,0.000
-1.984E-05,0.000
-1.983E-05,0.002
-1.982E-05,0.004
-1.981E-05,0.004
-1.980E-05,0.004
-1.979E-05,0.002
-1.978E-05,0.000
-1.977E-05,0.002
-1.976E-05,0.006
-1.975E-05,0.000
-1.974E-05,0.000
-1.973E-05,0.002
-1.972E-05,0.002
-1.971E-05,0.004
-1.970E-05,0.002
-1.969E-05,0.000
-1.968E-05,0.002
-1.967E-05,0.000
-1.966E-05,0.000
-1.965E-05,0.002
-1.964E-05,0.004
-1.963E-05,0.006
-1.962E-05,0.000
-1.961E-05,0.002
-1.960E-05,0.002
-1.959E-05,0.002
-1.958E-05,0.000
-1.957E-05,0.002
-1.956E-05,0.000
-1.955E-05,0.004
-1.954E-05,0.002
-1.953E-05,0.002
-1.952E-05,0.002
-1.951E-05,0.002
-1.950E-05,0.002
-1.949E-05,0.002
-1.948E-05,0.004
-1.947E-05,0.004
-1.946E-05,0.004
-1.945E-05,0.000
-1.944E-05,0.002
-1.943E-05,0.002
-1.942E-05,0.002
-1.941E-05,0.000
-1.940E-05,0.002
-1.939E-05,0.002
-1.938E-05,0.002
-1.937E-05,0.002
-1.936E-05,0.004
-1.935E-05,0.004
-1.934E-05,0.004
-1.933E-05,0.004
-1.932E-05,0.004
-1.931E-05,0.000
-1.930E-05,0.002
-1.929E-05,0.002
-1.928E-05,0.002
-1.927E-05,0.002
-1.926E-05,0.002
-1.925E-05,0.002
-1.924E-05,0.002
-1.923E-05,0.002
-1.922E-05,0.000
-1.921E-05,0.002
-1.920E-05,0.002
-1.919E-05,0.004
-1.918E-05,0.000
-1.917E-05,0.002
-1.916E-05,0.002
-1.915E-05,0.002
-1.914E-05,0.004
-1.913E-05,0.004
-1.912E-05,0.000
-1.911E-05,0.000
-1.910E-05,0.004
-1.909E-05,0.002
-1.908E-05,0.004
-1.907E-05,0.002
-1.906E-05,0.002
-1.905E-05,0.002
-1.904E-05,0.002
-1.903E-05,0.004
-1.902E-05,0.004
-1.901E-05,0.000
-1.900E-05,0.002
-1.899E-05,0.002
-1.898E-05,0.002
-1.897E-05,0.002
-1.896E-05,0.004
-1.895E-05,0.004
-1.894E-05,0.004
-1.893E-05,0.002
-1.892E-05,0.002
-1.891E-05,0.002
-1.890E-05,0.008
-1.889E-05,0.000
-1.888E-05,0.000
-1.887E-05,0.002
-1.886E-05,0.004
-1.885E-05,0.000
-1.884E-05,0.000
-1.883E-05,0.002
-1.882E-05,0.002
-1.881E-05,0.002
-1.880E-05,0.000
-1.879E-05,0.002
-1.878E-05,0.002
-1.877E-05,0.000
-1.876E-05,0.002
-1.875E-05,0.004
-1.874E-05,0.004
-1.873E-05,0.004
-1.872E-05,0.000
-1.871E-05,0.000
-1.870E-05,0.002
-1.869E-05,0.002
-1.868E-05,0.002
-1.867E-05,0.002
-1.866E-05,0.000
-1.865E-05,0.004
-1.864E-05,0.002
-1.863E-05,0.002
-1.862E-05,0.000
-1.861E-05,0.002
-1.860E-05,0.000
-1.859E-05,0.004
-1.858E-05,0.002
-1.857E-05,0.002
-1.856E-05,0.002
-1.855E-05,0.000
-1.854E-05,0.002
-1.853E-05,0.002
-1.852E-05,0.002
-1.851E-05,0.002
-1.850E-05,0.002
-1.849E-05,0.000
-1.848E-05,0.002
-1.847E-05,0.006
-1.846E-05,0.000
-1.845E-05,0.002
-1.844E-05,0.002
-1.843E-05,0.002
-1.842E-05,0.000
-1.841E-05,0.002
-1.840E-05,0.004
-1.839E-05,0.004
-1.838E-05,0.002
-1.837E-05,0.000
-1.836E-05,0.000
-1.835E-05,0.002
-1.834E-05,0.002
-1.833E-05,0.000
-1.832E-05,0.002
-1.831E-05,0.004
-1.830E-05,0.004
-1.829E-05,0.004
-1.828E-05,0.004
-1.827E-05,0.004
-1.826E-05,0.000
-1.825E-05,0.000
-1.824E-05,0.002
-1.823E-05,0.002
-1.822E-05,0.000
-1.821E-05,0.004
-1.820E-05,0.002
-1.819E-05,0.002
-1.818E-05,0.000
-1.817E-05,0.002
-1.816E-05,0.002
-1.815E-05,0.002
-1.814E-05,0.002
-1.813E-05,0.002
-1.812E-05,0.002
-1.811E-05,0.002
-1.810E-05,0.002
-1.809E-05,0.002
-1.808E-05,0.002
-1.807E-05,0.002
-1.806E-05,0.004
-1.805E-05,0.002
-1.804E-05,0.004
-1.803E-05,0.000
-1.802E-05,0.002
-1.801E-05,0.002
-1.800E-05,0.002
-1.799E-05,0.000
-1.798E-05,0.002
-1.797E-05,0.002
-1.796E-05,0.002
-1.795E-05,0.002
-1.794E-05,0.002
-1.793E-05,0.000
-1.792E-05,0.002
-1.791E-05,0.004
-1.790E-05,0.002
-1.789E-05,0.002
-1.788E-05,0.004
-1.787E-05,0.004
-1.786E-05,0.004
-1.785E-05,0.000
-1.784E-05,0.000
-1.783E-05,0.002
-1.782E-05,0.000
-1.781E-05,0.002
-1.780E-05,0.000
-1.779E-05,0.002
-1.778E-05,0.002
-1.777E-05,0.002
-1.776E-05,0.002
-1.775E-05,0.004
-1.774E-05,0.004
-1.773E-05,0.000
-1.772E-05,0.002
-1.771E-05,0.002
-1.770E-05,0.004
-1.769E-05,0.002
-1.768E-05,0.002
-1.767E-05,0.002
-1.766E-05,0.002
-1.765E-05,0.000
-1.764E-05,0.002
-1.763E-05,0.002
-1.762E-05,0.002
-1.761E-05,0.002
-1.760E-05,0.002
-1.759E-05,0.002
-1.758E-05,0.000
-1.757E-05,0.000
-1.756E-05,0.002
-1.755E-05,0.004
-1.754E-05,0.000
-1.753E-05,0.000
-1.752E-05,0.004
-1.751E-05,0.002
-1.750E-05,0.002
-1.749E-05,0.002
-1.748E-05,0.002
-1.747E-05,0.002
-1.746E-05,0.004
-1.745E-05,0.000
-1.744E-05,0.000
-1.743E-05,0.002
-1.742E-05,-0.010
-1.741E-05,-0.010
-1.740E-05,0.002
-1.739E-05,0.000
-1.738E-05,0.034
-1.737E-05,0.058
-1.736E-05,0.044
-1.735E-05,0.020
-1.734E-05,-0.008
-1.733E-05,-0.114
-1.732E-05,-0.058
-1.731E-05,-0.046
-1.730E-05,-0.004
-1.729E-05,0.116
-1.728E-05,0.172
-1.727E-05,-0.036
-1.726E-05,-0.020
-1.725E-05,0.024
-1.724E-05,-0.022
-1.723E-05,-0.094
-1.722E-05,-0.010
-1.721E-05,-0.022
-1.720E-05,-0.046
-1.719E-05,0.024
-1.718E-05,-0.062
-1.717E-05,-0.016
-1.716E-05,0.014
-1.715E-05,0.060
-1.714E-05,-0.056
-1.713E-05,0.058
-1.712E-05,0.108
-1.711E-05,-0.108
-1.710E-05,-0.020
-1.709E-05,0.000
-1.708E-05,-0.018
-1.707E-05,-0.046
-1.706E-05,0.084
-1.705E-05,0.038
-1.704E-05,-0.016
-1.703E-05,0.082
-1.702E-05,0.040
-1.701E-05,-0.036
-1.700E-05,0.068
-1.699E-05,0.078
-1.698E-05,-0.002
-1.697E-05,-0.008
-1.696E-05,-0.260
-1.695E-05,-0.120
-1.694E-05,-0.170
-1.693E-05,0.248
-1.692E-05,0.246
-1.691E-05,-0.052
-1.690E-05,0.056
-1.689E-05,0.052
-1.688E-05,-0.078
-1.687E-05,-0.258
-1.686E-05,0.058
-1.685E-05,0.058
-1.684E-05,0.000
-1.683E-05,0.182
-1.682E-05,0.166
-1.681E-05,-0.128
-1.680E-05,-0.134
-1.679E-05,0.064
-1.678E-05,-0.056
-1.677E-05,-0.032
-1.676E-05,0.142
-1.675E-05,0.174
-1.674E-05,0.028
-1.673E-05,0.068
-1.672E-05,0.066
-1.671E-05,0.108
-1.670E-05,-0.258
-1.669E-05,-0.072
-1.668E-05,-0.260
-1.667E-05,0.082
-1.666E-05,0.266
-1.665E-05,0.140
-1.664E-05,-0.090
-1.663E-05,-0.024
-1.662E-05,0.128
-1.661E-05,-0.250
-1.660E-05,-0.198
-1.659E-05,0.082
-1.658E-05,0.076
-1.657E-05,-0.012
-1.656E-05,0.200
-1.655E-05,0.136
-1.654E-05,-0.196
-1.653E-05,-0.078
-1.652E-05,-0.018
-1.651E-05,-0.072
-1.650E-05,-0.066
-1.649E-05,0.118
-1.648E-05,0.118
-1.647E-05,0.044
-1.646E-05,-0.016
-1.645E-05,0.008
-1.644E-05,-0.028
-1.643E-05,-0.068
-1.642E-05,0.024
-1.641E-05,0.072
-1.640E-05,0.090
-1.639E-05,0.052
-1.638E-05,0.068
-1.637E-05,-0.010
-1.636E-05,-0.026
-1.635E-05,0.000
-1.634E-05,0.020
-1.633E-05,0.030
-1.632E-05,0.124
-1.631E-05,0.156
-1.630E-05,0.062
-1.629E-05,-0.122
-1.628E-05,-0.112
-1.627E-05,-0.116
-1.626E-05,-0.260
-1.625E-05,-0.260
-1.624E-05,0.210
-1.623E-05,0.266
-1.622E-05,0.266
-1.621E-05,-0.156
-1.620E-05,0.014
-1.619E-05,-0.006
-1.618E-05,-0.258
-1.617E-05,-0.150
-1.616E-05,0.266
-1.615E-05,0.148
-1.614E-05,0.016
-1.613E-05,0.266
-1.612E-05,0.174
-1.611E-05,-0.260
-1.610E-05,-0.218
-1.609E-05,-0.028
-1.608E-05,-0.036
-1.607E-05,0.064
-1.606E-05,0.248
-1.605E-05,0.192
-1.604E-05,-0.006
-1.603E-05,-0.052
-1.602E-05,-0.058
-1.601E-05,-0.128
-1.600E-05,-0.068
-1.599E-05,0.122
-1.598E-05,0.220
-1.597E-05,0.214
-1.596E-05,0.180
-1.595E-05,0.170
-1.594E-05,-0.022
-1.593E-05,-0.070
-1.592E-05,0.038
-1.591E-05,-0.260
-1.590E-05,-0.190
-1.589E-05,-0.260
-1.588E-05,-0.260
-1.587E-05,0.248
-1.586E-05,0.266
-1.585E-05,0.094
-1.584E-05,0.070
-1.583E-05,0.266
-1.582E-05,-0.018
-1.581E-05,-0.260
-1.580E-05,-0.106
-1.579E-05,-0.018
-1.578E-05,-0.018
-1.577E-05,0.244
-1.576E-05,0.070
-1.575E-05,-0.072
-1.574E-05,-0.146
-1.573E-05,0.028
-1.572E-05,-0.044
-1.571E-05,0.084
-1.570E-05,0.128
-1.569E-05,-0.034
-1.568E-05,0.010
-1.567E-05,0.064
-1.566E-05,0.042
-1.565E-05,-0.040
-1.564E-05,0.052
-1.563E-05,0.156
-1.562E-05,0.174
-1.561E-05,0.128
-1.560E-05,0.086
-1.559E-05,-0.068
-1.558E-05,-0.086
-1.557E-05,-0.254
-1.556E-05,-0.120
-1.555E-05,0.152
-1.554E-05,0.266
-1.553E-05,0.266
-1.552E-05,0.190
-1.551E-05,0.052
-1.550E-05,-0.260
-1.549E-05,-0.260
-1.548E-05,-0.158
-1.547E-05,-0.054
-1.546E-05,0.134
-1.545E-05,0.266
-1.544E-05,0.266
-1.543E-05,0.172
-1.542E-05,-0.156
-1.541E-05,-0.260
-1.540E-05,-0.176
-1.539E-05,-0.070
-1.538E-05,0.164
-1.537E-05,0.266
-1.536E-05,0.264
-1.535E-05,0.224
-1.534E-05,0.100
-1.533E-05,0.016
-1.532E-05,-0.144
-1.531E-05,0.008
-1.530E-05,0.128
-1.529E-05,0.230
-1.528E-05,0.266
-1.527E-05,0.232
-1.526E-05,0.168
-1.525E-05,0.112
-1.524E-05,0.106
-1.523E-05,0.172
-1.522E-05,0.250
-1.521E-05,0.264
-1.520E-05,0.266
-1.519E-05,0.266
-1.518E-05,0.204
-1.517E-05,0.160
-1.516E-05,0.140
-1.515E-05,0.178
-1.514E-05,0.242
-1.513E-05,0.266
-1.512E-05,0.266
-1.511E-05,0.266
-1.510E-05,0.240
-1.509E-05,0.202
-1.508E-05,0.184
-1.507E-05,0.198
-1.506E-05,0.206
-1.505E-05,0.228
-1.504E-05,0.256
-1.503E-05,0.238
-1.502E-05,0.214
-1.501E-05,0.196
-1.500E-05,0.094
-1.499E-05,0.166
-1.498E-05,0.212
-1.497E-05,0.140
-1.496E-05,0.204
-1.495E-05,0.266
-1.494E-05,0.268
-1.493E-05,0.216
-1.492E-05,0.172
-1.491E-05,0.182
-1.490E-05,0.132
-1.489E-05,0.142
-1.488E-05,0.248
-1.487E-05,0.266
-1.486E-05,0.254
-1.485E-05,0.258
-1.484E-05,0.248
-1.483E-05,0.162
-1.482E-05,0.136
-1.481E-05,0.188
-1.480E-05,0.194
-1.479E-05,0.216
-1.478E-05,0.206
-1.477E-05,0.260
-1.476E-05,-0.060
-1.475E-05,-0.026
-1.474E-05,0.150
-1.473E-05,0.230
-1.472E-05,0.266
-1.471E-05,0.268
-1.470E-05,0.266
-1.469E-05,0.238
-1.468E-05,0.200
-1.467E-05,0.164
-1.466E-05,0.124
-1.465E-05,0.154
-1.464E-05,0.264
-1.463E-05,0.266
-1.462E-05,0.248
-1.461E-05,0.220
-1.460E-05,0.180
-1.459E-05,0.140
-1.458E-05,0.126
-1.457E-05,0.192
-1.456E-05,0.228
-1.455E-05,0.242
-1.454E-05,0.266
-1.453E-05,0.264
-1.452E-05,0.206
-1.451E-05,0.176
-1.450E-05,0.180
-1.449E-05,0.184
-1.448E-05,0.200
-1.447E-05,0.234
-1.446E-05,0.250
-1.445E-05,0.224
-1.444E-05,0.202
-1.443E-05,0.184
-1.442E-05,0.160
-1.441E-05,0.154
-1.440E-05,0.176
-1.439E-05,0.208
-1.438E-05,0.210
-1.437E-05,0.212
-1.436E-05,0.214
-1.435E-05,0.200
-1.434E-05,0.174
-1.433E-05,0.180
-1.432E-05,0.200
-1.431E-05,0.206
-1.430E-05,0.212
-1.429E-05,0.224
-1.428E-05,0.214
-1.427E-05,0.196
-1.426E-05,0.182
-1.425E-05,0.178
-1.424E-05,0.178
-1.423E-05,0.178
-1.422E-05,0.194
-1.421E-05,0.200
-1.420E-05,0.194
-1.419E-05,0.186
-1.418E-05,0.184
-1.417E-05,0.178
-1.416E-05,0.176
-1.415E-05,0.186
-1.414E-05,0.196
-1.413E-05,0.196
-1.412E-05,0.196
-1.411E-05,0.196
-1.410E-05,0.186
-1.409E-05,0.178
-1.408E-05,0.180
-1.407E-05,0.180
-1.406E-05,0.182
-1.405E-05,0.182
-1.404E-05,0.184
-1.403E-05,0.180
-1.402E-05,0.176
-1.401E-05,0.172
-1.400E-05,0.172
-1.399E-05,0.170
-1.398E-05,0.174
-1.397E-05,0.182
-1.396E-05,0.180
-1.395E-05,0.184
-1.394E-05,0.184
-1.393E-05,0.180
-1.392E-05,0.176
-1.391E-05,0.176
-1.390E-05,0.176
-1.389E-05,0.176
-1.388E-05,0.174
-1.387E-05,0.174
-1.386E-05,0.170
-1.385E-05,0.166
-1.384E-05,0.160
-1.383E-05,0.162
-1.382E-05,0.160
-1.381E-05,0.162
-1.380E-05,0.164
-1.379E-05,0.166
-1.378E-05,0.164
-1.377E-05,0.166
-1.376E-05,0.164
-1.375E-05,0.164
-1.374E-05,0.158
-1.373E-05,0.162
-1.372E-05,0.164
-1.371E-05,0.166
-1.370E-05,0.168
-1.369E-05,0.166
-1.368E-05,0.164
-1.367E-05,0.162
-1.366E-05,0.158
-1.365E-05,0.154
-1.364E-05,0.158
-1.363E-05,0.158
-1.362E-05,0.158
-1.361E-05,0.156
-1.360E-05,0.156
-1.359E-05,0.154
-1.358E-05,0.150
-1.357E-05,0.150
-1.356E-05,0.146
-1.355E-05,0.150
-1.354E-05,0.150
-1.353E-05,0.154
-1.352E-05,0.152
-1.351E-05,0.150
-1.350E-05,0.150
-1.349E-05,0.152
-1.348E-05,0.148
-1.347E-05,0.150
-1.346E-05,0.150
-1.345E-05,0.152
-1.344E-05,0.150
-1.343E-05,0.144
-1.342E-05,0.142
-1.341E-05,0.142
-1.340E-05,0.138
-1.339E-05,0.142
-1.338E-05,0.144
-1.337E-05,0.144
-1.336E-05,0.144
-1.335E-05,0.146
-1.334E-05,0.144
-1.333E-05,0.140
-1.332E-05,0.138
-1.331E-05,0.140
-1.330E-05,0.138
-1.329E-05,0.140
-1.328E-05,0.140
-1.327E-05,0.140
-1.326E-05,0.140
-1.325E-05,0.140
-1.324E-05,0.142
-1.323E-05,0.134
-1.322E-05,0.138
-1.321E-05,0.136
-1.320E-05,0.136
-1.319E-05,0.136
-1.318E-05,0.134
-1.317E-05,0.132
-1.316E-05,0.132
-1.315E-05,0.130
-1.314E-05,0.130
-1.313E-05,0.132
-1.312E-05,0.132
-1.311E-05,0.132
-1.310E-05,0.132
-1.309E-05,0.128
-1.308E-05,0.130
-1.307E-05,0.128
-1.306E-05,0.130
-1.305E-05,0.128
-1.304E-05,0.128
-1.303E-05,0.126
-1.302E-05,0.126
-1.301E-05,0.126
-1.300E-05,0.126
-1.299E-05,0.126
-1.298E-05,0.126
-1.297E-05,0.126
-1.296E-05,0.126
-1.295E-05,0.126
-1.294E-05,0.122
-1.293E-05,0.122
-1.292E-05,0.122
-1.291E-05,0.122
-1.290E-05,0.122
-1.289E-05,0.120
-1.288E-05,0.118
-1.287E-05,0.118
-1.286E-05,0.118
-1.285E-05,0.118
-1.284E-05,0.118
-1.283E-05,0.116
-1.282E-05,0.116
-1.281E-05,0.112
-1.280E-05,0.116
-1.279E-05,0.114
-1.278E-05,0.116
-1.277E-05,0.112
-1.276E-05,0.114
-1.275E-05,0.114
-1.274E-05,0.110
-1.273E-05,0.110
-1.272E-05,0.112
-1.271E-05,0.108
-1.270E-05,0.108
-1.269E-05,0.106
-1.268E-05,0.108
-1.267E-05,0.106
-1.266E-05,0.106
-1.265E-05,0.106
-1.264E-05,0.102
-1.263E-05,0.104
-1.262E-05,0.104
-1.261E-05,0.102
-1.260E-05,0.106
-1.259E-05,0.102
-1.258E-05,0.100
-1.257E-05,0.100
-1.256E-05,0.100
-1.255E-05,0.098
-1.254E-05,0.098
-1.253E-05,0.100
-1.252E-05,0.100
-1.251E-05,0.098
-1.250E-05,0.098
-1.249E-05,0.098
-1.248E-05,0.100
-1.247E-05,0.098
-1.246E-05,0.100
-1.245E-05,0.096
-1.244E-05,0.100
-1.243E-05,0.096
-1.242E-05,0.094
-1.241E-05,0.092
-1.240E-05,0.092
-1.239E-05,0.092
-1.238E-05,0.090
-1.237E-05,0.092
-1.236E-05,0.094
-1.235E-05,0.090
-1.234E-05,0.092
-1.233E-05,0.090
-1.232E-05,0.092
-1.231E-05,0.090
-1.230E-05,0.088
-1.229E-05,0.090
-1.228E-05,0.092
-1.227E-05,0.088
-1.226E-05,0.088
-1.225E-05,0.084
-1.224E-05,0.086
-1.223E-05,0.084
-1.222E-05,0.086
-1.221E-05,0.086
-1.220E-05,0.082
-1.219E-05,0.082
-1.218E-05,0.084
-1.217E-05,0.082
-1.216E-05,0.080
-1.215E-05,0.078
-1.214E-05,0.078
-1.213E-05,0.078
-1.212E-05,0.078
-1.211E-05,0.076
-1.210E-05,0.076
-1.209E-05,0.078
-1.208E-05,0.082
-1.207E-05,0.076
-1.206E-05,0.074
-1.205E-05,0.072
-1.204E-05,0.076
-1.203E-05,0.076
-1.202E-05,0.072
-1.201E-05,0.072
-1.200E-05,0.074
-1.199E-05,0.070
-1.198E-05,0.072
-1.197E-05,0.072
-1.196E-05,0.072
-1.195E-05,0.072
-1.194E-05,0.070
-1.193E-05,0.070
-1.192E-05,0.068
-1.191E-05,0.072
-1.190E-05,0.070
-1.189E-05,0.070
-1.188E-05,0.064
-1.187E-05,0.066
-1.186E-05,0.068
-1.185E-05,0.070
-1.184E-05,0.070
-1.183E-05,0.070
-1.182E-05,0.064
-1.181E-05,0.066
-1.180E-05,0.066
-1.179E-05,0.066
-1.178E-05,0.062
-1.177E-05,0.062
-1.176E-05,0.062
-1.175E-05,0.062
-1.174E-05,0.062
-1.173E-05,0.062
-1.172E-05,0.062
-1.171E-05,0.060
-1.170E-05,0.062
-1.169E-05,0.060
-1.168E-05,0.060
-1.167E-05,0.060
-1.166E-05,0.060
-1.165E-05,0.060
-1.164E-05,0.060
-1.163E-05,0.060
-1.162E-05,0.060
-1.161E-05,0.060
-1.160E-05,0.058
-1.159E-05,0.058
-1.158E-05,0.056
-1.157E-05,0.058
-1.156E-05,0.060
-1.155E-05,0.056
-1.154E-05,0.056
-1.153E-05,0.052
-1.152E-05,0.054
-1.151E-05,0.054
-1.150E-05,0.052
-1.149E-05,0.050
-1.148E-05,0.052
-1.147E-05,0.052
-1.146E-05,0.050
-1.145E-05,0.048
-1.144E-05,0.050
-1.143E-05,0.048
-1.142E-05,0.048
-1.141E-05,0.048
-1.140E-05,0.048
-1.139E-05,0.050
-1.138E-05,0.048
-1.137E-05,0.046
-1.136E-05,0.046
-1.135E-05,0.046
-1.134E-05,0.044
-1.133E-05,0.046
-1.132E-05,0.048
-1.131E-05,0.046
-1.130E-05,0.044
-1.129E-05,0.044
-1.128E-05,0.044
-1.127E-05,0.044
-1.126E-05,0.042
-1.125E-05,0.042
-1.124E-05,0.046
-1.123E-05,0.042
-1.122E-05,0.042
-1.121E-05,0.042
-1.120E-05,0.044
-1.119E-05,0.040
-1.118E-05,0.040
-1.117E-05,0.042
-1.116E-05,0.040
-1.115E-05,0.038
-1.114E-05,0.040
-1.113E-05,0.038
-1.112E-05,0.040
-1.111E-05,0.038
-1.110E-05,0.038
-1.109E-05,0.038
-1.108E-05,0.034
-1.107E-05,0.036
-1.106E-05,0.036
-1.105E-05,0.034
-1.104E-05,0.036
-1.103E-05,0.036
-1.102E-05,0.036
-1.101E-05,0.036
-1.100E-05,0.034
-1.099E-05,0.034
-1.098E-05,0.034
-1.097E-05,0.034
-1.096E-05,0.032
-1.095E-05,0.032
-1.094E-05,0.032
-1.093E-05,0.034
-1.092E-05,0.032
-1.091E-05,0.030
-1.090E-05,0.030
-1.089E-05,0.030
-1.088E-05,0.030
-1.087E-05,0.032
-1.086E-05,0.030
-1.085E-05,0.026
-1.084E-05,0.028
-1.083E-05,0.026
-1.082E-05,0.028
-1.081E-05,0.026
-1.080E-05,0.026
-1.079E-05,0.026
-1.078E-05,0.028
-1.077E-05,0.028
-1.076E-05,0.028
-1.075E-05,0.028
-1.074E-05,0.026
-1.073E-05,0.024
-1.072E-05,0.028
-1.071E-05,0.026
-1.070E-05,0.026
-1.069E-05,0.024
-1.068E-05,0.026
-1.067E-05,0.024
-1.066E-05,0.024
-1.065E-05,0.024
-1.064E-05,0.024
-1.063E-05,0.022
-1.062E-05,0.024
-1.061E-05,0.024
-1.060E-05,0.022
-1.059E-05,0.022
-1.058E-05,0.022
-1.057E-05,0.022
-1.056E-05,0.022
-1.055E-05,0.022
-1.054E-05,0.018
-1.053E-05,0.018
-1.052E-05,0.018
-1.051E-05,0.016
-1.050E-05,0.018
-1.049E-05,0.020
-1.048E-05,0.018
-1.047E-05,0.018
-1.046E-05,0.016
-1.045E-05,0.016
-1.044E-05,0.018
-1.043E-05,0.016
-1.042E-05,0.012
-1.041E-05,0.016
-1.040E-05,0.018
-1.039E-05,0.014
-1.038E-05,0.012
-1.037E-05,0.016
-1.036E-05,0.014
-1.035E-05,0.012
-1.034E-05,0.012
-1.033E-05,0.014
-1.032E-05,0.016
-1.031E-05,0.014
-1.030E-05,0.010
-1.029E-05,0.012
-1.028E-05,0.014
-1.027E-05,0.010
-1.026E-05,0.010
-1.025E-05,0.012
-1.024E-05,0.010
-1.023E-05,0.012
-1.022E-05,0.010
-1.021E-05,0.010
-1.020E-05,0.008
-1.019E-05,0.010
-1.018E-05,0.010
-1.017E-05,0.008
-1.016E-05,0.008
-1.015E-05,0.008
-1.014E-05,0.008
-1.013E-05,0.010
-1.012E-05,0.008
-1.011E-05,0.006
-1.010E-05,0.006
-1.009E-05,0.008
-1.008E-05,0.006
-1.007E-05,0.008
-1.006E-05,0.008
-1.005E-05,0.008
-1.004E-05,0.004
-1.003E-05,0.004
-1.002E-05,0.006
-1.001E-05,0.002
-1.000E-05,0.004
-9.990E-06,0.004
-9.980E-06,0.004
-9.970E-06,0.002
-9.960E-06,0.002
-9.950E-06,0.002
-9.940E-06,0.002
-9.930E-06,0.002
-9.920E-06,0.002
-9.910E-06,0.000
-9.900E-06,0.000
-9.890E-06,-0.002
-9.880E-06,0.000
-9.870E-06,0.002
-9.860E-06,0.002
-9.850E-06,0.002
-9.840E-06,-0.002
-9.830E-06,-0.002
-9.820E-06,0.000
-9.810E-06,-0.002
-9.800E-06,0.000
-9.790E-06,0.000
-9.780E-06,-0.004
-9.770E-06,-0.004
-9.760E-06,-0.002
-9.750E-06,-0.004
-9.740E-06,-0.004
-9.730E-06,-0.004
-9.720E-06,-0.006
-9.710E-06,-0.002
-9.700E-06,-0.004
-9.690E-06,-0.006
-9.680E-06,-0.004
-9.670E-06,-0.006
-9.660E-06,-0.004
-9.650E-06,-0.004
-9.640E-06,-0.004
-9.630E-06,-0.004
-9.620E-06,-0.006
-9.610E-06,-0.004
-9.600E-06,-0.006
-9.590E-06,-0.006
-9.580E-06,-0.006
-9.570E-06,-0.008
-9.560E-06,-0.006
-9.550E-06,-0.008
-9.540E-06,-0.006
-9.530E-06,-0.008
-9.520E-06,-0.006
-9.510E-06,-0.008
-9.500E-06,-0.008
-9.490E-06,-0.008
-9.480E-06,-0.008
-9.470E-06,-0.006
-9.460E-06,-0.008
-9.450E-06,-0.008
-9.440E-06,-0.008
-9.430E-06,-0.010
-9.420E-06,-0.008
-9.410E-06,-0.010
-9.400E-06,-0.010
-9.390E-06,-0.012
-9.380E-06,-0.012
-9.370E-06,-0.008
-9.360E-06,-0.010
-9.350E-06,-0.012
-9.340E-06,-0.010
-9.330E-06,-0.012
-9.320E-06,-0.010
-9.310E-06,-0.012
-9.300E-06,-0.014
-9.290E-06,-0.016
-9.280E-06,-0.012
-9.270E-06,-0.016
-9.260E-06,-0.012
-9.250E-06,-0.012
-9.240E-06,-0.014
-9.230E-06,-0.012
-9.220E-06,-0.014
-9.210E-06,-0.016
-9.200E-06,-0.014
-9.190E-06,-0.014
-9.180E-06,-0.016
-9.170E-06,-0.014
-9.160E-06,-0.016
-9.150E-06,-0.016
-9.140E-06,-0.018
-9.130E-06,-0.016
-9.120E-06,-0.014
-9.110E-06,-0.016
-9.100E-06,-0.018
-9.090E-06,-0.016
-9.080E-06,-0.016
-9.070E-06,-0.016
-9.060E-06,-0.020
-9.050E-06,-0.016
-9.040E-06,-0.018
-9.030E-06,-0.020
-9.020E-06,-0.018
-9.010E-06,-0.020
-9.000E-06,-0.018
-8.990E-06,-0.018
-8.980E-06,-0.020
-8.970E-06,-0.018
-8.960E-06,-0.018
-8.950E-06,-0.020
-8.940E-06,-0.020
-8.930E-06,-0.022
-8.920E-06,-0.018
-8.910E-06,-0.018
-8.900E-06,-0.020
-8.890E-06,-0.018
-8.880E-06,-0.020
-8.870E-06,-0.022
-8.860E-06,-0.022
-8.850E-06,-0.022
-8.840E-06,-0.018
-8.830E-06,-0.022
-8.820E-06,-0.022
-8.810E-06,-0.022
-8.800E-06,-0.022
-8.790E-06,-0.024
-8.780E-06,-0.026
-8.770E-06,-0.022
-8.760E-06,-0.026
-8.750E-06,-0.022
-8.740E-06,-0.026
-8.730E-06,-0.024
-8.720E-06,-0.024
-8.710E-06,-0.024
-8.700E-06,-0.026
-8.690E-06,-0.024
-8.680E-06,-0.022
-8.670E-06,-0.022
-8.660E-06,-0.024
-8.650E-06,-0.026
-8.640E-06,-0.026
-8.630E-06,-0.024
-8.620E-06,-0.024
-8.610E-06,-0.024
-8.600E-06,-0.026
-8.590E-06,-0.026
-8.580E-06,-0.024
-8.570E-06,-0.024
-8.560E-06,-0.026
-8.550E-06,-0.026
-8.540E-06,-0.028
-8.530E-06,-0.030
-8.520E-06,-0.026
-8.510E-06,-0.028
-8.500E-06,-0.026
-8.490E-06,-0.030
-8.480E-06,-0.030
-8.470E-06,-0.028
-8.460E-06,-0.030
-8.450E-06,-0.032
-8.440E-06,-0.032
-8.430E-06,-0.030
-8.420E-06,-0.030
-8.410E-06,-0.030
-8.400E-06,-0.032
-8.390E-06,-0.032
-8.380E-06,-0.030
-8.370E-06,-0.030
-8.360E-06,-0.030
-8.350E-06,-0.032
-8.340E-06,-0.032
-8.330E-06,-0.030
-8.320E-06,-0.030
-8.310E-06,-0.032
-8.300E-06,-0.032
-8.290E-06,-0.032
-8.280E-06,-0.032
-8.270E-06,-0.032
-8.260E-06,-0.032
-8.250E-06,-0.030
-8.240E-06,-0.034
-8.230E-06,-0.034
-8.220E-06,-0.032
-8.210E-06,-0.034
-8.200E-06,-0.034
-8.190E-06,-0.032
-8.180E-06,-0.032
-8.170E-06,-0.032
-8.160E-06,-0.034
-8.150E-06,-0.032
-8.140E-06,-0.038
-8.130E-06,-0.034
-8.120E-06,-0.034
-8.110E-06,-0.034
-8.100E-06,-0.036
-8.090E-06,-0.034
-8.080E-06,-0.036
-8.070E-06,-0.034
-8.060E-06,-0.034
-8.050E-06,-0.036
-8.040E-06,-0.034
-8.030E-06,-0.036
-8.020E-06,-0.036
-8.010E-06,-0.036
-8.000E-06,-0.034
-7.990E-06,-0.038
-7.980E-06,-0.036
-7.970E-06,-0.036
-7.960E-06,-0.036
-7.950E-06,-0.036
-7.940E-06,-0.038
-7.930E-06,-0.038
-7.920E-06,-0.036
-7.910E-06,-0.038
-7.900E-06,-0.038
-7.890E-06,-0.036
-7.880E-06,-0.040
-7.870E-06,-0.038
-7.860E-06,-0.040
-7.850E-06,-0.038
-7.840E-06,-0.040
-7.830E-06,-0.038
-7.820E-06,-0.038
-7.810E-06,-0.040
-7.800E-06,-0.040
-7.790E-06,-0.038
-7.780E-06,-0.038
-7.770E-06,-0.038
-7.760E-06,-0.042
-7.750E-06,-0.040
-7.740E-06,-0.038
-7.730E-06,-0.040
-7.720E-06,-0.040
-7.710E-06,-0.040
-7.700E-06,-0.038
-7.690E-06,-0.040
-7.680E-06,-0.042
-7.670E-06,-0.042
-7.660E-06,-0.040
-7.650E-06,-0.042
-7.640E-06,-0.040
-7.630E-06,-0.040
-7.620E-06,-0.042
-7.610E-06,-0.042
-7.600E-06,-0.042
-7.590E-06,-0.042
-7.580E-06,-0.042
-7.570E-06,-0.044
-7.560E-06,-0.042
-7.550E-06,-0.042
-7.540E-06,-0.042
-7.530E-06,-0.040
-7.520E-06,-0.042
-7.510E-06,-0.042
-7.500E-06,-0.042
-7.490E-06,-0.042
-7.480E-06,-0.044
-7.470E-06,-0.042
-7.460E-06,-0.042
-7.450E-06,-0.044
-7.440E-06,-0.042
-7.430E-06,-0.042
-7.420E-06,-0.042
-7.410E-06,-0.046
-7.400E-06,-0.042
-7.390E-06,-0.044
-7.380E-06,-0.042
-7.370E-06,-0.042
-7.360E-06,-0.044
-7.350E-06,-0.046
-7.340E-06,-0.044
-7.330E-06,-0.048
-7.320E-06,-0.042
-7.310E-06,-0.046
-7.300E-06,-0.046
-7.290E-06,-0.046
-7.280E-06,-0.044
-7.270E-06,-0.044
-7.260E-06,-0.048
-7.250E-06,-0.044
-7.240E-06,-0.048
-7.230E-06,-0.046
-7.220E-06,-0.046
-7.210E-06,-0.048
-7.200E-06,-0.046
-7.190E-06,-0.048
-7.180E-06,-0.048
-7.170E-06,-0.046
-7.160E-06,-0.046
-7.150E-06,-0.046
-7.140E-06,-0.048
-7.130E-06,-0.048
-7.120E-06,-0.046
-7.110E-06,-0.046
-7.100E-06,-0.046
-7.090E-06,-0.050
-7.080E-06,-0.046
-7.070E-06,-0.048
-7.060E-06,-0.050
-7.050E-06,-0.050
-7.040E-06,-0.048
-7.030E-06,-0.050
-7.020E-06,-0.048
-7.010E-06,-0.048
-7.000E-06,-0.050
-6.990E-06,-0.050
-6.980E-06,-0.050
-6.970E-06,-0.048
-6.960E-06,-0.050
-6.950E-06,-0.050
-6.940E-06,-0.052
-6.930E-06,-0.048
-6.920E-06,-0.050
-6.910E-06,-0.048
-6.900E-06,-0.050
-6.890E-06,-0.052
-6.880E-06,-0.054
-6.870E-06,-0.054
-6.860E-06,-0.050
-6.850E-06,-0.052
-6.840E-06,-0.050
-6.830E-06,-0.052
-6.820E-06,-0.054
-6.810E-06,-0.052
-6.800E-06,-0.052
-6.790E-06,-0.054
-6.780E-06,-0.052
-6.770E-06,-0.052
-6.760E-06,-0.054
-6.750E-06,-0.052
-6.740E-06,-0.052
-6.730E-06,-0.054
-6.720E-06,-0.054
-6.710E-06,-0.054
-6.700E-06,-0.054
-6.690E-06,-0.052
-6.680E-06,-0.054
-6.670E-06,-0.054
-6.660E-06,-0.054
-6.650E-06,-0.052
-6.640E-06,-0.056
-6.630E-06,-0.054
-6.620E-06,-0.052
-6.610E-06,-0.056
-6.600E-06,-0.056
-6.590E-06,-0.056
-6.580E-06,-0.054
-6.570E-06,-0.054
-6.560E-06,-0.054
-6.550E-06,-0.054
-6.540E-06,-0.054
-6.530E-06,-0.056
-6.520E-06,-0.056
-6.510E-06,-0.054
-6.500E-06,-0.054
-6.490E-06,-0.056
-6.480E-06,-0.056
-6.470E-06,-0.056
-6.460E-06,-0.054
-6.450E-06,-0.054
-6.440E-06,-0.054
-6.430E-06,-0.054
-6.420E-06,-0.056
-6.410E-06,-0.054
-6.400E-06,-0.056
-6.390E-06,-0.058
-6.380E-06,-0.054
-6.370E-06,-0.056
-6.360E-06,-0.056
-6.350E-06,-0.058
-6.340E-06,-0.058
-6.330E-06,-0.056
-6.320E-06,-0.056
-6.310E-06,-0.058
-6.300E-06,-0.056
-6.290E-06,-0.058
-6.280E-06,-0.058
-6.270E-06,-0.056
-6.260E-06,-0.058
-6.250E-06,-0.058
-6.240E-06,-0.058
-6.230E-06,-0.058
-6.220E-06,-0.056
-6.210E-06,-0.058
-6.200E-06,-0.058
-6.190E-06,-0.060
-6.180E-06,-0.058
-6.170E-06,-0.056
-6.160E-06,-0.058
-6.150E-06,-0.060
-6.140E-06,-0.058
-6.130E-06,-0.058
-6.120E-06,-0.058
-6.110E-06,-0.058
-6.100E-06,-0.060
-6.090E-06,-0.056
-6.080E-06,-0.058
-6.070E-06,-0.058
-6.060E-06,-0.058
-6.050E-06,-0.060
-6.040E-06,-0.058
-6.030E-06,-0.060
-6.020E-06,-0.060
-6.010E-06,-0.060
-6.000E-06,-0.060
-5.990E-06,-0.060
-5.980E-06,-0.062
-5.970E-06,-0.058
-5.960E-06,-0.062
-5.950E-06,-0.062
-5.940E-06,-0.058
-5.930E-06,-0.058
-5.920E-06,-0.060
-5.910E-06,-0.062
-5.900E-06,-0.062
-5.890E-06,-0.060
-5.880E-06,-0.062
-5.870E-06,-0.060
-5.860E-06,-0.062
-5.850E-06,-0.062
-5.840E-06,-0.060
-5.830E-06,-0.062
-5.820E-06,-0.062
-5.810E-06,-0.062
-5.800E-06,-0.062
-5.790E-06,-0.064
-5.780E-06,-0.062
-5.770E-06,-0.060
-5.760E-06,-0.064
-5.750E-06,-0.064
-5.740E-06,-0.064
-5.730E-06,-0.064
-5.720E-06,-0.064
-5.710E-06,-0.064
-5.700E-06,-0.064
-5.690E-06,-0.064
-5.680E-06,-0.064
-5.670E-06,-0.064
-5.660E-06,-0.064
-5.650E-06,-0.066
-5.640E-06,-0.066
-5.630E-06,-0.066
-5.620E-06,-0.064
-5.610E-06,-0.064
-5.600E-06,-0.064
-5.590E-06,-0.064
-5.580E-06,-0.064
-5.570E-06,-0.064
-5.560E-06,-0.064
-5.550E-06,-0.064
-5.540E-06,-0.064
-5.530E-06,-0.066
-5.520E-06,-0.066
-5.510E-06,-0.066
-5.500E-06,-0.066
-5.490E-06,-0.068
-5.480E-06,-0.068
-5.470E-06,-0.066
-5.460E-06,-0.066
-5.450E-06,-0.066
-5.440E-06,-0.066
-5.430E-06,-0.066
-5.420E-06,-0.066
-5.410E-06,-0.066
-5.400E-06,-0.066
-5.390E-06,-0.068
-5.380E-06,-0.066
-5.370E-06,-0.066
-5.360E-06,-0.064
-5.350E-06,-0.066
-5.340E-06,-0.066
-5.330E-06,-0.066
-5.320E-06,-0.066
-5.310E-06,-0.066
-5.300E-06,-0.066
-5.290E-06,-0.066
-5.280E-06,-0.066
-5.270E-06,-0.066
-5.260E-06,-0.066
-5.250E-06,-0.064
-5.240E-06,-0.066
-5.230E-06,-0.068
-5.220E-06,-0.066
-5.210E-06,-0.066
-5.200E-06,-0.068
-5.190E-06,-0.068
-5.180E-06,-0.068
-5.170E-06,-0.068
-5.160E-06,-0.068
-5.150E-06,-0.068
-5.140E-06,-0.070
-5.130E-06,-0.068
-5.120E-06,-0.066
-5.110E-06,-0.066
-5.100E-06,-0.066
-5.090E-06,-0.068
-5.080E-06,-0.068
-5.070E-06,-0.070
-5.060E-06,-0.070
-5.050E-06,-0.070
-5.040E-06,-0.068
-5.030E-06,-0.066
-5.020E-06,-0.068
-5.010E-06,-0.070
-5.000E-06,-0.070
-4.990E-06,-0.070
-4.980E-06,-0.070
-4.970E-06,-0.070
-4.960E-06,-0.070
-4.950E-06,-0.070
-4.940E-06,-0.070
-4.930E-06,-0.070
-4.920E-06,-0.070
-4.910E-06,-0.070
-4.900E-06,-0.070
-4.890E-06,-0.070
-4.880E-06,-0.070
-4.870E-06,-0.070
-4.860E-06,-0.074
-4.850E-06,-0.072
-4.840E-06,-0.070
-4.830E-06,-0.070
-4.820E-06,-0.072
-4.810E-06,-0.070
-4.800E-06,-0.072
-4.790E-06,-0.072
-4.780E-06,-0.072
-4.770E-06,-0.072
-4.760E-06,-0.072
-4.750E-06,-0.070
-4.740E-06,-0.072
-4.730E-06,-0.072
-4.720E-06,-0.074
-4.710E-06,-0.072
-4.700E-06,-0.072
-4.690E-06,-0.072
-4.680E-06,-0.072
-4.670E-06,-0.070
-4.660E-06,-0.072
-4.650E-06,-0.072
-4.640E-06,-0.072
-4.630E-06,-0.072
-4.620E-06,-0.072
-4.610E-06,-0.074
-4.600E-06,-0.072
-4.590E-06,-0.072
-4.580E-06,-0.074
-4.570E-06,-0.072
-4.560E-06,-0.070
-4.550E-06,-0.072
-4.540E-06,-0.074
-4.530E-06,-0.072
-4.520E-06,-0.072
-4.510E-06,-0.072
-4.500E-06,-0.072
-4.490E-06,-0.072
-4.480E-06,-0.076
-4.470E-06,-0.072
-4.460E-06,-0.074
-4.450E-06,-0.070
-4.440E-06,-0.074
-4.430E-06,-0.074
-4.420E-06,-0.072
-4.410E-06,-0.074
-4.400E-06,-0.072
-4.390E-06,-0.074
-4.380E-06,-0.074
-4.370E-06,-0.074
-4.360E-06,-0.074
-4.350E-06,-0.072
-4.340E-06,-0.074
-4.330E-06,-0.074
-4.320E-06,-0.074
-4.310E-06,-0.074
-4.300E-06,-0.074
-4.290E-06,-0.074
-4.280E-06,-0.074
-4.270E-06,-0.074
-4.260E-06,-0.074
-4.250E-06,-0.074
-4.240E-06,-0.074
-4.230E-06,-0.074
-4.220E-06,-0.074
-4.210E-06,-0.074
-4.200E-06,-0.072
-4.190E-06,-0.076
-4.180E-06,-0.074
-4.170E-06,-0.074
-4.160E-06,-0.076
-4.150E-06,-0.074
-4.140E-06,-0.074
-4.130E-06,-0.074
-4.120E-06,-0.076
-4.110E-06,-0.074
-4.100E-06,-0.074
-4.090E-06,-0.074
-4.080E-06,-0.074
-4.070E-06,-0.076
-4.060E-06,-0.076
-4.050E-06,-0.074
-4.040E-06,-0.074
-4.030E-06,-0.074
-4.020E-06,-0.074
-4.010E-06,-0.076
-4.000E-06,-0.076
-3.990E-06,-0.076
-3.980E-06,-0.074
-3.970E-06,-0.072
-3.960E-06,-0.076
-3.950E-06,-0.078
-3.940E-06,-0.078
-3.930E-06,-0.074
-3.920E-06,-0.074
-3.910E-06,-0.076
-3.900E-06,-0.076
-3.890E-06,-0.076
-3.880E-06,-0.076
-3.870E-06,-0.076
-3.860E-06,-0.074
-3.850E-06,-0.076
-3.840E-06,-0.076
-3.830E-06,-0.076
-3.820E-06,-0.078
-3.810E-06,-0.076
-3.800E-06,-0.078
-3.790E-06,-0.078
-3.780E-06,-0.076
-3.770E-06,-0.078
-3.760E-06,-0.074
-3.750E-06,-0.076
-3.740E-06,-0.076
-3.730E-06,-0.074
-3.720E-06,-0.076
-3.710E-06,-0.078
-3.700E-06,-0.080
-3.690E-06,-0.080
-3.680E-06,-0.080
-3.670E-06,-0.080
-3.660E-06,-0.078
-3.650E-06,-0.080
-3.640E-06,-0.080
-3.630E-06,-0.078
-3.620E-06,-0.080
-3.610E-06,-0.078
-3.600E-06,-0.078
-3.590E-06,-0.078
-3.580E-06,-0.078
-3.570E-06,-0.080
-3.560E-06,-0.078
-3.550E-06,-0.078
-3.540E-06,-0.078
-3.530E-06,-0.082
-3.520E-06,-0.078
-3.510E-06,-0.078
-3.500E-06,-0.080
-3.490E-06,-0.078
-3.480E-06,-0.080
-3.470E-06,-0.080
-3.460E-06,-0.078
-3.450E-06,-0.080
-3.440E-06,-0.082
-3.430E-06,-0.078
-3.420E-06,-0.080
-3.410E-06,-0.080
-3.400E-06,-0.082
-3.390E-06,-0.082
-3.380E-06,-0.078
-3.370E-06,-0.078
-3.360E-06,-0.080
-3.350E-06,-0.078
-3.340E-06,-0.082
-3.330E-06,-0.078
-3.320E-06,-0.080
-3.310E-06,-0.082
-3.300E-06,-0.084
-3.290E-06,-0.080
-3.280E-06,-0.078
-3.270E-06,-0.082
-3.260E-06,-0.080
-3.250E-06,-0.082
-3.240E-06,-0.080
-3.230E-06,-0.080
-3.220E-06,-0.082
-3.210E-06,-0.080
-3.200E-06,-0.080
-3.190E-06,-0.082
-3.180E-06,-0.080
-3.170E-06,-0.078
-3.160E-06,-0.080
-3.150E-06,-0.082
-3.140E-06,-0.080
-3.130E-06,-0.080
-3.120E-06,-0.082
-3.110E-06,-0.082
-3.100E-06,-0.082
-3.090E-06,-0.084
-3.080E-06,-0.080
-3.070E-06,-0.080
-3.060E-06,-0.082
-3.050E-06,-0.080
-3.040E-06,-0.080
-3.030E-06,-0.080
-3.020E-06,-0.084
-3.010E-06,-0.084
-3.000E-06,-0.084
-2.990E-06,-0.080
-2.980E-06,-0.078
-2.970E-06,-0.082
-2.960E-06,-0.080
-2.950E-06,-0.080
-2.940E-06,-0.082
-2.930E-06,-0.082
-2.920E-06,-0.082
-2.910E-06,-0.084
-2.900E-06,-0.084
-2.890E-06,-0.080
-2.880E-06,-0.082
-2.870E-06,-0.080
-2.860E-06,-0.080
-2.850E-06,-0.082
-2.840E-06,-0.082
-2.830E-06,-0.084
-2.820E-06,-0.082
-2.810E-06,-0.082
-2.800E-06,-0.084
-2.790E-06,-0.082
-2.780E-06,-0.082
-2.770E-06,-0.082
-2.760E-06,-0.086
-2.750E-06,-0.082
-2.740E-06,-0.080
-2.730E-06,-0.082
-2.720E-06,-0.080
-2.710E-06,-0.084
-2.700E-06,-0.084
-2.690E-06,-0.084
-2.680E-06,-0.086
-2.670E-06,-0.084
-2.660E-06,-0.084
-2.650E-06,-0.086
-2.640E-06,-0.088
-2.630E-06,-0.084
-2.620E-06,-0.084
-2.610E-06,-0.082
-2.600E-06,-0.084
-2.590E-06,-0.086
-2.580E-06,-0.084
-2.570E-06,-0.082
-2.560E-06,-0.086
-2.550E-06,-0.086
-2.540E-06,-0.088
-2.530E-06,-0.088
-2.520E-06,-0.084
-2.510E-06,-0.086
-2.500E-06,-0.086
-2.490E-06,-0.084
-2.480E-06,-0.088
-2.470E-06,-0.086
-2.460E-06,-0.088
-2.450E-06,-0.084
-2.440E-06,-0.088
-2.430E-06,-0.086
-2.420E-06,-0.088
-2.410E-06,-0.088
-2.400E-06,-0.090
-2.390E-06,-0.086
-2.380E-06,-0.086
-2.370E-06,-0.086
-2.360E-06,-0.084
-2.350E-06,-0.088
-2.340E-06,-0.088
-2.330E-06,-0.088
-2.320E-06,-0.088
-2.310E-06,-0.088
-2.300E-06,-0.088
-2.290E-06,-0.088
-2.280E-06,-0.088
-2.270E-06,-0.090
-2.260E-06,-0.088
-2.250E-06,-0.086
-2.240E-06,-0.088
-2.230E-06,-0.090
-2.220E-06,-0.092
-2.210E-06,-0.088
-2.200E-06,-0.092
-2.190E-06,-0.088
-2.180E-06,-0.090
-2.170E-06,-0.090
-2.160E-06,-0.090
-2.150E-06,-0.088
-2.140E-06,-0.090
-2.130E-06,-0.092
-2.120E-06,-0.092
-2.110E-06,-0.090
-2.100E-06,-0.090
-2.090E-06,-0.090
-2.080E-06,-0.088
-2.070E-06,-0.090
-2.060E-06,-0.092
-2.050E-06,-0.090
-2.040E-06,-0.090
-2.030E-06,-0.090
-2.020E-06,-0.086
-2.010E-06,-0.088
-2.000E-06,-0.090
-1.990E-06,-0.088
-1.980E-06,-0.090
-1.970E-06,-0.092
-1.960E-06,-0.088
-1.950E-06,-0.088
-1.940E-06,-0.086
-1.930E-06,-0.090
-1.920E-06,-0.090
-1.910E-06,-0.088
-1.900E-06,-0.086
-1.890E-06,-0.088
-1.880E-06,-0.086
-1.870E-06,-0.088
-1.860E-06,-0.088
-1.850E-06,-0.090
-1.840E-06,-0.088
-1.830E-06,-0.086
-1.820E-06,-0.088
-1.810E-06,-0.090
-1.800E-06,-0.088
-1.790E-06,-0.090
-1.780E-06,-0.088
-1.770E-06,-0.088
-1.760E-06,-0.086
-1.750E-06,-0.086
-1.740E-06,-0.086
-1.730E-06,-0.090
-1.720E-06,-0.084
-1.710E-06,-0.088
-1.700E-06,-0.086
-1.690E-06,-0.088
-1.680E-06,-0.090
-1.670E-06,-0.086
-1.660E-06,-0.088
-1.650E-06,-0.088
-1.640E-06,-0.084
-1.630E-06,-0.086
-1.620E-06,-0.086
-1.610E-06,-0.088
-1.600E-06,-0.084
-1.590E-06,-0.086
-1.580E-06,-0.088
-1.570E-06,-0.084
-1.560E-06,-0.084
-1.550E-06,-0.086
-1.540E-06,-0.084
-1.530E-06,-0.086
-1.520E-06,-0.086
-1.510E-06,-0.088
-1.500E-06,-0.086
-1.490E-06,-0.088
-1.480E-06,-0.084
-1.470E-06,-0.084
-1.460E-06,-0.086
-1.450E-06,-0.088
-1.440E-06,-0.088
-1.430E-06,-0.084
-1.420E-06,-0.086
-1.410E-06,-0.088
-1.400E-06,-0.086
-1.390E-06,-0.088
-1.380E-06,-0.088
-1.370E-06,-0.084
-1.360E-06,-0.084
-1.350E-06,-0.086
-1.340E-06,-0.088
-1.330E-06,-0.084
-1.320E-06,-0.086
-1.310E-06,-0.088
-1.300E-06,-0.086
-1.290E-06,-0.084
-1.280E-06,-0.084
-1.270E-06,-0.086
-1.260E-06,-0.084
-1.250E-06,-0.086
-1.240E-06,-0.088
-1.230E-06,-0.086
-1.220E-06,-0.088
-1.210E-06,-0.082
-1.200E-06,-0.082
-1.190E-06,-0.086
-1.180E-06,-0.086
-1.170E-06,-0.088
-1.160E-06,-0.086
-1.150E-06,-0.086
-1.140E-06,-0.088
-1.130E-06,-0.086
-1.120E-06,-0.086
-1.110E-06,-0.088
-1.100E-06,-0.086
-1.090E-06,-0.084
-1.080E-06,-0.086
-1.070E-06,-0.086
-1.060E-06,-0.088
-1.050E-06,-0.084
-1.040E-06,-0.086
-1.030E-06,-0.086
-1.020E-06,-0.084
-1.010E-06,-0.086
-1.000E-06,-0.086
-9.900E-07,-0.086
-9.800E-07,-0.088
-9.700E-07,-0.086
-9.600E-07,-0.088
-9.500E-07,-0.086
-9.400E-07,-0.082
-9.300E-07,-0.086
-9.200E-07,-0.086
-9.100E-07,-0.086
-9.000E-07,-0.084
-8.900E-07,-0.084
-8.800E-07,-0.084
-8.700E-07,-0.088
-8.600E-07,-0.086
-8.500E-07,-0.082
-8.400E-07,-0.084
-8.300E-07,-0.086
-8.200E-07,-0.082
-8.100E-07,-0.084
-8.000E-07,-0.086
-7.900E-07,-0.086
-7.800E-07,-0.086
-7.700E-07,-0.086
-7.600E-07,-0.086
-7.500E-07,-0.084
-7.400E-07,-0.082
-7.300E-07,-0.082
-7.200E-07,-0.084
-7.100E-07,-0.086
-7.000E-07,-0.084
-6.900E-07,-0.080
-6.800E-07,-0.084
-6.700E-07,-0.086
-6.600E-07,-0.082
-6.500E-07,-0.084
-6.400E-07,-0.084
-6.300E-07,-0.084
-6.200E-07,-0.082
-6.100E-07,-0.080
-6.000E-07,-0.082
-5.900E-07,-0.080
-5.800E-07,-0.082
-5.700E-07,-0.084
-5.600E-07,-0.082
-5.500E-07,-0.084
-5.400E-07,-0.080
-5.300E-07,-0.080
-5.200E-07,-0.084
-5.100E-07,-0.084
-5.000E-07,-0.078
-4.900E-07,-0.082
-4.800E-07,-0.080
-4.700E-07,-0.082
-4.600E-07,-0.080
-4.500E-07,-0.082
-4.400E-07,-0.084
-4.300E-07,-0.082
-4.200E-07,-0.080
-4.100E-07,-0.080
-4.000E-07,-0.084
-3.900E-07,-0.084
-3.800E-07,-0.080
-3.700E-07,-0.080
-3.600E-07,-0.082
-3.500E-07,-0.082
-3.400E-07,-0.080
-3.300E-07,-0.080
-3.200E-07,-0.084
-3.100E-07,-0.080
-3.000E-07,-0.078
-2.900E-07,-0.080
-2.800E-07,-0.080
-2.700E-07,-0.080
-2.600E-07,-0.080
-2.500E-07,-0.080
-2.400E-07,-0.082
-2.300E-07,-0.080
-2.200E-07,-0.080
-2.100E-07,-0.078
-2.000E-07,-0.080
-1.900E-07,-0.080
-1.800E-07,-0.076
-1.700E-07,-0.078
-1.600E-07,-0.080
-1.500E-07,-0.082
-1.400E-07,-0.078
-1.300E-07,-0.078
-1.200E-07,-0.080
-1.100E-07,-0.076
-1.000E-07,-0.076
-9.000E-08,-0.076
-8.000E-08,-0.076
-7.000E-08,-0.078
-6.000E-08,-0.076
-5.000E-08,-0.072
-4.000E-08,-0.072
-3.000E-08,-0.062
-2.000E-08,-0.022
-1.000E-08,0.034
0.000E+00,0.102
1.000E-08,0.142
2.000E-08,0.144
3.000E-08,0.096
4.000E-08,0.024
5.000E-08,-0.040
6.000E-08,-0.068
7.000E-08,-0.048
8.000E-08,0.000
9.000E-08,0.056
1.000E-07,0.088
1.100E-07,0.084
1.200E-07,0.044
1.300E-07,0.000
1.400E-07,-0.028
1.500E-07,-0.030
1.600E-07,-0.004
1.700E-07,0.038
1.800E-07,0.062
1.900E-07,0.068
2.000E-07,0.048
2.100E-07,0.010
2.200E-07,-0.022
2.300E-07,-0.038
2.400E-07,-0.024
2.500E-07,-0.010
2.600E-07,0.016
2.700E-07,0.032
2.800E-07,0.048
2.900E-07,0.036
3.000E-07,0.012
3.100E-07,0.014
3.200E-07,0.010
3.300E-07,0.010
3.400E-07,0.026
3.500E-07,0.036
3.600E-07,0.020
3.700E-07,0.014
3.800E-07,0.016
3.900E-07,0.002
4.000E-07,-0.002
4.100E-07,0.008
4.200E-07,0.018
4.300E-07,0.020
4.400E-07,0.024
4.500E-07,0.018
4.600E-07,0.006
4.700E-07,-0.002
4.800E-07,0.002
4.900E-07,0.008
5.000E-07,0.016
5.100E-07,0.024
5.200E-07,0.028
5.300E-07,0.028
5.400E-07,0.014
5.500E-07,0.010
5.600E-07,0.008
5.700E-07,0.008
5.800E-07,0.010
5.900E-07,0.014
6.000E-07,0.016
6.100E-07,0.016
6.200E-07,0.018
6.300E-07,0.014
6.400E-07,0.006
6.500E-07,0.004
6.600E-07,0.010
6.700E-07,0.014
6.800E-07,0.014
6.900E-07,0.016
7.000E-07,0.018
7.100E-07,0.014
7.200E-07,0.008
7.300E-07,0.010
7.400E-07,0.014
7.500E-07,0.014
7.600E-07,0.016
7.700E-07,0.016
7.800E-07,0.012
7.900E-07,0.010
8.000E-07,0.012
8.100E-07,0.014
8.200E-07,0.004
8.300E-07,0.014
8.400E-07,0.016
8.500E-07,0.008
8.600E-07,0.010
8.700E-07,0.012
8.800E-07,0.010
8.900E-07,0.012
9.000E-07,0.016
9.100E-07,0.008
9.200E-07,0.010
9.300E-07,0.012
9.400E-07,0.010
9.500E-07,0.014
9.600E-07,0.010
9.700E-07,0.010
9.800E-07,0.012
9.900E-07,0.014
1.000E-06,0.012
1.010E-06,0.010
1.020E-06,0.010
1.030E-06,0.010
1.040E-06,0.006
1.050E-06,0.010
1.060E-06,0.010
1.070E-06,0.010
1.080E-06,0.010
1.090E-06,0.012
1.100E-06,0.014
1.110E-06,0.012
1.120E-06,0.010
1.130E-06,0.012
1.140E-06,0.010
1.150E-06,0.008
1.160E-06,0.010
1.170E-06,0.012
1.180E-06,0.014
1.190E-06,0.012
1.200E-06,0.008
1.210E-06,0.008
1.220E-06,0.010
1.230E-06,0.008
1.240E-06,0.010
1.250E-06,0.010
1.260E-06,0.012
1.270E-06,0.010
1.280E-06,0.010
1.290E-06,0.008
1.300E-06,0.012
1.310E-06,0.010
1.320E-06,0.006
1.330E-06,0.010
1.340E-06,0.012
1.350E-06,0.010
1.360E-06,0.006
1.370E-06,0.010
1.380E-06,0.006
1.390E-06,0.008
1.400E-06,0.012
1.410E-06,0.010
1.420E-06,0.008
1.430E-06,0.008
1.440E-06,0.010
1.450E-06,0.000
1.460E-06,0.012
1.470E-06,0.010
1.480E-06,0.004
1.490E-06,0.010
1.500E-06,0.008
1.510E-06,0.008
1.520E-06,0.012
1.530E-06,0.012
1.540E-06,0.010
1.550E-06,0.008
1.560E-06,0.008
1.570E-06,0.006
1.580E-06,0.012
1.590E-06,0.008
1.600E-06,0.006
1.610E-06,0.010
1.620E-06,0.010
1.630E-06,0.010
1.640E-06,0.010
1.650E-06,0.006
1.660E-06,0.008
1.670E-06,0.012
1.680E-06,0.010
1.690E-06,0.006
1.700E-06,0.010
1.710E-06,0.010
1.720E-06,0.010
1.730E-06,0.008
1.740E-06,0.008
1.750E-06,0.008
1.760E-06,0.006
1.770E-06,0.008
1.780E-06,0.010
1.790E-06,0.008
1.800E-06,0.008
1.810E-06,0.012
1.820E-06,0.010
1.830E-06,0.006
1.840E-06,0.004
1.850E-06,0.016
1.860E-06,0.008
1.870E-06,0.012
1.880E-06,0.010
1.890E-06,0.006
1.900E-06,0.012
1.910E-06,0.010
1.920E-06,0.006
1.930E-06,0.006
1.940E-06,0.008
1.950E-06,0.008
1.960E-06,0.010
1.970E-06,0.008
1.980E-06,0.012
1.990E-06,0.010
2.000E-06,0.010
2.010E-06,0.010
2.020E-06,0.010
2.030E-06,0.010
2.040E-06,0.006
2.050E-06,0.008
2.060E-06,0.008
2.070E-06,0.010
2.080E-06,0.008
2.090E-06,0.010
2.100E-06,0.010
2.110E-06,0.010
2.120E-06,0.006
2.130E-06,0.008
2.140E-06,0.008
2.150E-06,0.010
2.160E-06,0.008
2.170E-06,0.006
2.180E-06,0.008
2.190E-06,0.008
2.200E-06,0.008
2.210E-06,0.012
2.220E-06,0.006
2.230E-06,0.010
2.240E-06,0.006
2.250E-06,0.006
2.260E-06,0.010
2.270E-06,0.008
2.280E-06,0.008
2.290E-06,0.008
2.300E-06,0.004
2.310E-06,0.008
2.320E-06,0.006
2.330E-06,0.006
2.340E-06,0.008
2.350E-06,0.006
2.360E-06,0.008
2.370E-06,0.006
2.380E-06,0.008
2.390E-06,0.006
2.400E-06,0.008
2.410E-06,0.008
2.420E-06,0.008
2.430E-06,0.010
2.440E-06,0.008
2.450E-06,0.004
2.460E-06,0.008
2.470E-06,0.006
2.480E-06,0.008
2.490E-06,0.006
2.500E-06,0.010
2.510E-06,0.006
2.520E-06,0.006
2.530E-06,0.008
2.540E-06,0.008
2.550E-06,0.008
2.560E-06,0.008
2.570E-06,0.008
2.580E-06,0.004
2.590E-06,0.006
2.600E-06,0.008
2.610E-06,0.006
2.620E-06,0.008
2.630E-06,0.008
2.640E-06,0.006
2.650E-06,0.004
2.660E-06,0.008
2.670E-06,0.006
2.680E-06,0.008
2.690E-06,0.006
2.700E-06,0.008
2.710E-06,0.008
2.720E-06,0.008
2.730E-06,0.006
2.740E-06,0.004
2.750E-06,0.008
2.760E-06,0.008
2.770E-06,0.006
2.780E-06,0.006
2.790E-06,0.008
2.800E-06,0.008
2.810E-06,0.010
2.820E-06,0.008
2.830E-06,0.006
2.840E-06,0.006
2.850E-06,0.006
2.860E-06,0.008
2.870E-06,0.006
2.880E-06,0.008
2.890E-06,0.006
2.900E-06,0.010
2.910E-06,0.008
2.920E-06,0.004
2.930E-06,0.006
2.940E-06,0.008
2.950E-06,0.006
2.960E-06,0.006
2.970E-06,0.004
2.980E-06,0.004
2.990E-06,0.008
3.000E-06,0.004
3.010E-06,0.006
3.020E-06,0.004
3.030E-06,0.008
3.040E-06,0.006
3.050E-06,0.006
3.060E-06,0.008
3.070E-06,0.008
3.080E-06,0.010
3.090E-06,0.006
3.100E-06,0.004
3.110E-06,0.006
3.120E-06,0.004
3.130E-06,0.006
3.140E-06,0.008
3.150E-06,0.010
3.160E-06,0.006
3.170E-06,0.004
3.180E-06,0.008
3.190E-06,0.006
3.200E-06,0.006
3.210E-06,0.010
3.220E-06,0.010
3.230E-06,0.002
3.240E-06,0.002
3.250E-06,0.006
3.260E-06,0.004
3.270E-06,0.004
3.280E-06,0.006
3.290E-06,0.006
3.300E-06,0.008
3.310E-06,0.004
3.320E-06,0.002
3.330E-06,0.006
3.340E-06,0.006
3.350E-06,0.006
3.360E-06,0.004
3.370E-06,0.006
3.380E-06,0.006
3.390E-06,0.008
3.400E-06,0.006
3.410E-06,0.008
3.420E-06,0.008
3.430E-06,0.004
3.440E-06,0.004
3.450E-06,0.008
3.460E-06,0.010
3.470E-06,0.008
3.480E-06,0.006
3.490E-06,0.008
3.500E-06,0.004
3.510E-06,0.006
3.520E-06,0.006
3.530E-06,0.008
3.540E-06,0.008
3.550E-06,0.006
3.560E-06,0.008
3.570E-06,0.006
3.580E-06,0.004
3.590E-06,0.004
3.600E-06,0.006
3.610E-06,0.006
3.620E-06,0.006
3.630E-06,0.004
3.640E-06,0.006
3.650E-06,0.008
3.660E-06,0.006
3.670E-06,0.004
3.680E-06,0.004
3.690E-06,0.006
3.700E-06,0.004
3.710E-06,0.006
3.720E-06,0.008
3.730E-06,0.008
3.740E-06,0.008
3.750E-06,0.008
3.760E-06,0.004
3.770E-06,0.006
3.780E-06,0.016
3.790E-06,0.004
3.800E-06,0.002
3.810E-06,0.008
3.820E-06,0.008
3.830E-06,0.000
3.840E-06,0.006
3.850E-06,0.008
3.860E-06,0.002
3.870E-06,0.004
3.880E-06,0.006
3.890E-06,0.002
3.900E-06,0.008
3.910E-06,0.006
3.920E-06,0.006
3.930E-06,0.008
3.940E-06,0.004
3.950E-06,0.002
3.960E-06,0.006
3.970E-06,0.008
3.980E-06,0.006
3.990E-06,0.004
4.000E-06,0.002
4.010E-06,0.004
4.020E-06,0.010
4.030E-06,0.008
4.040E-06,0.006
4.050E-06,0.004
4.060E-06,0.006
4.070E-06,0.006
4.080E-06,0.004
4.090E-06,0.002
4.100E-06,0.006
4.110E-06,0.006
4.120E-06,0.004
4.130E-06,0.006
4.140E-06,0.008
4.150E-06,0.002
4.160E-06,0.004
4.170E-06,0.004
4.180E-06,0.000
4.190E-06,0.002
4.200E-06,0.000
4.210E-06,0.004
4.220E-06,0.004
4.230E-06,0.004
4.240E-06,0.006
4.250E-06,0.006
4.260E-06,0.006
4.270E-06,0.006
4.280E-06,0.008
4.290E-06,0.006
4.300E-06,0.004
4.310E-06,0.004
4.320E-06,0.006
4.330E-06,0.008
4.340E-06,0.002
4.350E-06,0.006
4.360E-06,0.004
4.370E-06,0.000
4.380E-06,0.018
4.390E-06,0.002
4.400E-06,0.008
4.410E-06,0.004
4.420E-06,0.014
4.430E-06,0.002
4.440E-06,-0.002
4.450E-06,0.008
4.460E-06,0.000
4.470E-06,0.004
4.480E-06,0.004
4.490E-06,0.006
4.500E-06,0.004
4.510E-06,0.004
4.520E-06,0.006
4.530E-06,0.006
4.540E-06,0.006
4.550E-06,0.004
4.560E-06,0.004
4.570E-06,0.004
4.580E-06,0.002
4.590E-06,0.004
4.600E-06,0.004
4.610E-06,0.004
4.620E-06,0.006
4.630E-06,0.004
4.640E-06,0.006
4.650E-06,0.004
4.660E-06,0.010
4.670E-06,0.004
4.680E-06,0.000
4.690E-06,0.004
4.700E-06,0.004
4.710E-06,0.002
4.720E-06,0.000
4.730E-06,0.004
4.740E-06,0.008
4.750E-06,0.004
4.760E-06,0.004
4.770E-06,0.008
4.780E-06,0.002
4.790E-06,0.002
4.800E-06,0.004
4.810E-06,0.004
4.820E-06,0.004
4.830E-06,0.006
4.840E-06,0.004
4.850E-06,0.004
4.860E-06,0.004
4.870E-06,0.006
4.880E-06,0.002
4.890E-06,0.006
4.900E-06,0.004
4.910E-06,0.002
4.920E-06,0.006
4.930E-06,0.004
4.940E-06,0.006
4.950E-06,0.004
4.960E-06,0.002
4.970E-06,0.004
4.980E-06,0.004
4.990E-06,0.006
5.000E-06,0.000
5.010E-06,0.004
5.020E-06,0.006
5.030E-06,0.000
5.040E-06,0.006
5.050E-06,0.004
5.060E-06,0.004
5.070E-06,0.002
5.080E-06,0.006
5.090E-06,0.004
5.100E-06,0.004
5.110E-06,0.008
5.120E-06,0.002
5.130E-06,0.004
5.140E-06,0.008
5.150E-06,0.004
5.160E-06,0.000
5.170E-06,0.006
5.180E-06,0.006
5.190E-06,0.002
5.200E-06,0.004
5.210E-06,0.006
5.220E-06,0.008
5.230E-06,0.002
5.240E-06,0.004
5.250E-06,0.006
5.260E-06,0.008
5.270E-06,0.004
5.280E-06,0.002
5.290E-06,0.006
5.300E-06,0.004
5.310E-06,0.004
5.320E-06,0.004
5.330E-06,0.006
5.340E-06,0.004
5.350E-06,0.006
5.360E-06,0.002
5.370E-06,0.002
5.380E-06,0.004
5.390E-06,0.004
5.400E-06,0.000
5.410E-06,0.004
5.420E-06,0.006
5.430E-06,0.008
5.440E-06,0.006
5.450E-06,0.006
5.460E-06,0.002
5.470E-06,0.004
5.480E-06,0.004
5.490E-06,0.002
5.500E-06,0.006
5.510E-06,0.004
5.520E-06,0.006
5.530E-06,0.006
5.540E-06,0.004
5.550E-06,0.004
5.560E-06,0.006
5.570E-06,0.004
5.580E-06,0.004
5.590E-06,0.002
5.600E-06,0.002
5.610E-06,0.006
5.620E-06,0.008
5.630E-06,0.006
5.640E-06,0.004
5.650E-06,0.006
5.660E-06,0.004
5.670E-06,0.004
5.680E-06,0.004
5.690E-06,0.002
5.700E-06,0.002
5.710E-06,0.002
5.720E-06,0.006
5.730E-06,0.004
5.740E-06,0.006
5.750E-06,0.006
5.760E-06,0.004
5.770E-06,0.004
5.780E-06,0.004
5.790E-06,-0.004
5.800E-06,0.006
5.810E-06,0.000
5.820E-06,0.006
5.830E-06,0.006
5.840E-06,0.004
5.850E-06,0.008
5.860E-06,0.002
5.870E-06,0.008
5.880E-06,0.002
5.890E-06,0.008
5.900E-06,0.006
5.910E-06,0.004
5.920E-06,0.000
5.930E-06,0.004
5.940E-06,0.006
5.950E-06,-0.002
5.960E-06,0.008
5.970E-06,0.008
5.980E-06,0.006
5.990E-06,0.006
6.000E-06,0.006
6.010E-06,0.008
6.020E-06,0.002
6.030E-06,0.006
6.040E-06,0.000
6.050E-06,0.002
6.060E-06,0.006
6.070E-06,0.008
6.080E-06,0.002
6.090E-06,0.004
6.100E-06,0.008
6.110E-06,0.004
6.120E-06,0.002
6.130E-06,0.008
6.140E-06,0.004
6.150E-06,0.002
6.160E-06,0.002
6.170E-06,0.002
6.180E-06,0.004
6.190E-06,0.002
6.200E-06,0.006
6.210E-06,0.006
6.220E-06,0.004
6.230E-06,0.004
6.240E-06,0.006
6.250E-06,0.002
6.260E-06,0.004
6.270E-06,0.008
6.280E-06,0.006
6.290E-06,0.000
6.300E-06,0.002
6.310E-06,0.008
6.320E-06,0.004
6.330E-06,0.002
6.340E-06,0.000
6.350E-06,0.004
6.360E-06,0.006
6.370E-06,0.002
6.380E-06,0.004
6.390E-06,0.002
6.400E-06,0.002
6.410E-06,0.002
6.420E-06,0.006
6.430E-06,0.006
6.440E-06,0.000
6.450E-06,0.010
6.460E-06,-0.004
6.470E-06,0.002
6.480E-06,0.008
6.490E-06,0.008
6.500E-06,0.004
6.510E-06,0.002
6.520E-06,0.008
6.530E-06,0.002
6.540E-06,0.008
6.550E-06,0.002
6.560E-06,0.004
6.570E-06,0.008
6.580E-06,0.006
6.590E-06,0.002
6.600E-06,0.000
6.610E-06,0.006
6.620E-06,0.002
6.630E-06,0.006
6.640E-06,0.000
6.650E-06,0.004
6.660E-06,0.002
6.670E-06,0.004
6.680E-06,0.004
6.690E-06,-0.002
6.700E-06,0.008
6.710E-06,-0.002
6.720E-06,0.006
6.730E-06,0.006
6.740E-06,0.002
6.750E-06,0.006
6.760E-06,0.002
6.770E-06,0.002
6.780E-06,0.002
6.790E-06,0.006
6.800E-06,0.000
6.810E-06,0.002
6.820E-06,0.004
6.830E-06,0.006
6.840E-06,0.002
6.850E-06,0.006
6.860E-06,0.002
6.870E-06,0.006
6.880E-06,0.002
6.890E-06,0.002
6.900E-06,0.004
6.910E-06,0.002
6.920E-06,0.002
6.930E-06,0.006
6.940E-06,0.006
6.950E-06,0.002
6.960E-06,0.006
6.970E-06,0.000
6.980E-06,0.004
6.990E-06,0.002
7.000E-06,0.002
7.010E-06,0.004
7.020E-06,0.004
7.030E-06,0.004
7.040E-06,0.002
7.050E-06,0.004
7.060E-06,0.004
7.070E-06,0.004
7.080E-06,0.004
7.090E-06,0.004
7.100E-06,0.006
7.110E-06,0.000
7.120E-06,0.004
7.130E-06,0.004
7.140E-06,0.004
7.150E-06,0.002
7.160E-06,0.004
7.170E-06,0.006
7.180E-06,0.002
7.190E-06,0.002
7.200E-06,0.002
7.210E-06,0.008
7.220E-06,0.000
7.230E-06,0.004
7.240E-06,0.002
7.250E-06,0.002
7.260E-06,0.006
7.270E-06,0.004
7.280E-06,0.002
7.290E-06,0.000
7.300E-06,0.008
7.310E-06,0.000
7.320E-06,0.014
7.330E-06,0.000
7.340E-06,0.006
7.350E-06,0.000
7.360E-06,0.002
7.370E-06,0.002
7.380E-06,0.002
7.390E-06,0.006
7.400E-06,-0.002
7.410E-06,0.010
7.420E-06,0.004
7.430E-06,0.006
7.440E-06,0.004
7.450E-06,0.012
7.460E-06,0.000
7.470E-06,0.002
7.480E-06,0.010
7.490E-06,0.000
7.500E-06,0.002
7.510E-06,0.002
7.520E-06,0.002
7.530E-06,0.000
7.540E-06,0.006
7.550E-06,0.004
7.560E-06,0.006
7.570E-06,0.008
7.580E-06,0.002
7.590E-06,0.002
7.600E-06,0.004
7.610E-06,0.004
7.620E-06,-0.002
7.630E-06,0.002
7.640E-06,0.000
7.650E-06,0.002
7.660E-06,0.006
7.670E-06,0.008
7.680E-06,0.000
7.690E-06,0.010
7.700E-06,-0.002
7.710E-06,0.002
7.720E-06,0.000
7.730E-06,0.002
7.740E-06,0.006
7.750E-06,0.000
7.760E-06,0.008
7.770E-06,0.004
7.780E-06,0.002
7.790E-06,0.002
7.800E-06,0.004
7.810E-06,0.004
7.820E-06,0.006
7.830E-06,0.006
7.840E-06,0.002
7.850E-06,0.004
7.860E-06,0.000
7.870E-06,0.002
7.880E-06,0.002
7.890E-06,0.004
7.900E-06,0.000
7.910E-06,0.002
7.920E-06,0.004
7.930E-06,0.002
7.940E-06,0.002
7.950E-06,0.002
7.960E-06,0.006
7.970E-06,0.004
7.980E-06,0.010
7.990E-06,0.002
8.000E-06,0.004
8.010E-06,0.004
8.020E-06,0.004
8.030E-06,0.004
8.040E-06,0.002
8.050E-06,0.002
8.060E-06,0.002
8.070E-06,0.004
8.080E-06,0.002
8.090E-06,0.006
8.100E-06,0.006
8.110E-06,0.008
8.120E-06,0.000
8.130E-06,0.000
8.140E-06,0.010
8.150E-06,0.002
8.160E-06,0.000
8.170E-06,0.000
8.180E-06,0.000
8.190E-06,-0.002
8.200E-06,0.006
8.210E-06,0.004
8.220E-06,0.004
8.230E-06,0.008
8.240E-06,0.002
8.250E-06,0.006
8.260E-06,0.002
8.270E-06,0.006
8.280E-06,0.004
8.290E-06,0.000
8.300E-06,-0.002
8.310E-06,0.000
8.320E-06,0.006
8.330E-06,0.002
8.340E-06,0.004
8.350E-06,0.006
8.360E-06,0.002
8.370E-06,0.002
8.380E-06,0.002
8.390E-06,0.006
8.400E-06,0.004
8.410E-06,0.002
8.420E-06,0.004
8.430E-06,0.006
8.440E-06,0.000
8.450E-06,0.000
8.460E-06,0.006
8.470E-06,0.006
8.480E-06,0.002
8.490E-06,0.004
8.500E-06,0.006
8.510E-06,0.002
8.520E-06,0.002
8.530E-06,0.004
8.540E-06,0.002
8.550E-06,0.002
8.560E-06,0.002
8.570E-06,0.006
8.580E-06,0.002
8.590E-06,0.000
8.600E-06,0.004
8.610E-06,0.004
8.620E-06,0.002
8.630E-06,0.002
8.640E-06,0.004
8.650E-06,0.002
8.660E-06,0.002
8.670E-06,0.008
8.680E-06,0.004
8.690E-06,0.006
8.700E-06,0.002
8.710E-06,0.004
8.720E-06,0.000
8.730E-06,0.006
8.740E-06,0.008
8.750E-06,0.004
8.760E-06,-0.002
8.770E-06,0.010
8.780E-06,0.000
8.790E-06,0.002
8.800E-06,0.012
8.810E-06,0.000
8.820E-06,0.004
8.830E-06,0.004
8.840E-06,0.004
8.850E-06,0.000
8.860E-06,0.006
8.870E-06,0.004
8.880E-06,0.002
8.890E-06,0.004
8.900E-06,0.002
8.910E-06,0.006
8.920E-06,0.002
8.930E-06,0.002
8.940E-06,0.004
8.950E-06,0.000
8.960E-06,0.004
8.970E-06,0.002
8.980E-06,0.004
8.990E-06,0.004
9.000E-06,0.004
9.010E-06,0.004
9.020E-06,0.002
9.030E-06,0.004
9.040E-06,0.002
9.050E-06,0.004
9.060E-06,0.002
9.070E-06,0.002
9.080E-06,0.002
9.090E-06,0.002
9.100E-06,0.002
9.110E-06,0.004
9.120E-06,0.004
9.130E-06,0.004
9.140E-06,0.002
9.150E-06,0.002
9.160E-06,0.002
9.170E-06,0.006
9.180E-06,0.006
9.190E-06,0.000
9.200E-06,0.002
9.210E-06,0.004
9.220E-06,0.002
9.230E-06,0.002
9.240E-06,0.004
9.250E-06,0.004
9.260E-06,0.004
9.270E-06,0.002
9.280E-06,0.004
9.290E-06,0.004
9.300E-06,0.002
9.310E-06,0.004
9.320E-06,0.002
9.330E-06,0.004
9.340E-06,0.004
9.350E-06,0.000
9.360E-06,0.004
9.370E-06,0.004
9.380E-06,0.004
9.390E-06,0.002
9.400E-06,0.002
9.410E-06,0.004
9.420E-06,0.004
9.430E-06,0.002
9.440E-06,0.002
9.450E-06,0.004
9.460E-06,0.004
9.470E-06,0.004
9.480E-06,0.008
9.490E-06,0.004
9.500E-06,0.002
9.510E-06,0.002
9.520E-06,0.004
9.530E-06,0.002
9.540E-06,0.002
9.550E-06,0.004
9.560E-06,-0.002
9.570E-06,0.002
9.580E-06,0.004
9.590E-06,0.000
9.600E-06,0.002
9.610E-06,0.002
9.620E-06,0.004
9.630E-06,0.002
9.640E-06,0.004
9.650E-06,0.008
9.660E-06,0.000
9.670E-06,0.000
9.680E-06,0.004
9.690E-06,0.000
9.700E-06,0.002
9.710E-06,0.004
9.720E-06,0.008
9.730E-06,0.004
9.740E-06,0.002
9.750E-06,0.004
9.760E-06,0.004
9.770E-06,0.002
9.780E-06,0.000
9.790E-06,0.004
9.800E-06,0.000
9.810E-06,0.002
9.820E-06,0.006
9.830E-06,0.004
9.840E-06,0.002
9.850E-06,0.006
9.860E-06,0.006
9.870E-06,0.004
9.880E-06,0.004
9.890E-06,0.004
9.900E-06,0.004
9.910E-06,0.000
9.920E-06,0.002
9.930E-06,0.006
9.940E-06,0.004
9.950E-06,0.000
9.960E-06,0.006
9.970E-06,0.004
9.980E-06,0.002
9.990E-06,0.006
1.000E-05,0.004
1.001E-05,0.002
1.002E-05,0.002
1.003E-05,0.006
1.004E-05,0.000
1.005E-05,0.004
1.006E-05,0.008
1.007E-05,0.002
1.008E-05,0.000
1.009E-05,0.004
1.010E-05,0.004
1.011E-05,0.004
1.012E-05,0.004
1.013E-05,0.002
1.014E-05,0.004
1.015E-05,0.004
1.016E-05,0.004
1.017E-05,0.004
1.018E-05,0.004
1.019E-05,0.002
1.020E-05,0.000
1.021E-05,0.004
1.022E-05,0.002
1.023E-05,0.000
1.024E-05,0.002
1.025E-05,0.004
1.026E-05,0.004
1.027E-05,0.002
1.028E-05,0.004
1.029E-05,0.004
1.030E-05,0.002
1.031E-05,0.004
1.032E-05,0.002
1.033E-05,0.004
1.034E-05,0.006
1.035E-05,0.006
1.036E-05,0.002
1.037E-05,0.004
1.038E-05,0.004
1.039E-05,0.004
1.040E-05,0.004
1.041E-05,0.004
1.042E-05,0.000
1.043E-05,0.002
1.044E-05,0.002
1.045E-05,0.006
1.046E-05,0.006
1.047E-05,0.002
1.048E-05,0.002
1.049E-05,0.002
1.050E-05,0.002
1.051E-05,0.002
1.052E-05,0.004
1.053E-05,0.002
1.054E-05,0.002
1.055E-05,0.002
1.056E-05,0.004
1.057E-05,0.000
1.058E-05,0.002
1.059E-05,0.002
1.060E-05,0.004
1.061E-05,0.004
1.062E-05,0.002
1.063E-05,0.004
1.064E-05,0.004
1.065E-05,0.002
1.066E-05,0.002
1.067E-05,0.004
1.068E-05,0.002
1.069E-05,0.002
1.070E-05,0.004
1.071E-05,0.002
1.072E-05,0.004
1.073E-05,0.004
1.074E-05,0.004
1.075E-05,0.002
1.076E-05,0.002
1.077E-05,0.004
1.078E-05,0.002
1.079E-05,0.002
1.080E-05,0.006
1.081E-05,0.002
1.082E-05,0.004
1.083E-05,0.002
1.084E-05,0.004
1.085E-05,0.002
1.086E-05,0.002
1.087E-05,0.002
1.088E-05,0.002
1.089E-05,0.002
1.090E-05,0.004
1.091E-05,0.004
1.092E-05,0.004
1.093E-05,0.004
1.094E-05,0.004
1.095E-05,0.004
1.096E-05,0.002
1.097E-05,0.004
1.098E-05,0.000
1.099E-05,0.002
1.100E-05,0.002
1.101E-05,0.004
1.102E-05,0.004
1.103E-05,0.002
1.104E-05,0.002
1.105E-05,0.004
1.106E-05,0.002
1.107E-05,0.000
1.108E-05,0.004
1.109E-05,0.004
1.110E-05,0.002
1.111E-05,0.002
1.112E-05,0.002
1.113E-05,0.004
1.114E-05,0.004
1.115E-05,0.004
1.116E-05,0.004
1.117E-05,0.002
1.118E-05,0.004
1.119E-05,0.002
1.120E-05,0.004
1.121E-05,0.002
1.122E-05,0.002
1.123E-05,0.004
1.124E-05,0.000
1.125E-05,0.012
1.126E-05,0.002
1.127E-05,0.004
1.128E-05,0.002
1.129E-05,0.006
1.130E-05,0.002
1.131E-05,0.000
1.132E-05,0.006
1.133E-05,0.000
1.134E-05,0.006
1.135E-05,0.002
1.136E-05,0.004
1.137E-05,0.004
1.138E-05,0.002
1.139E-05,0.004
1.140E-05,0.000
1.141E-05,0.006
1.142E-05,0.002
1.143E-05,0.002
1.144E-05,0.000
1.145E-05,0.000
1.146E-05,0.004
1.147E-05,0.002
1.148E-05,0.002
1.149E-05,0.000
1.150E-05,0.000
1.151E-05,0.002
1.152E-05,0.004
1.153E-05,0.004
1.154E-05,0.004
1.155E-05,0.000
1.156E-05,0.004
1.157E-05,0.004
1.158E-05,0.004
1.159E-05,0.004
1.160E-05,0.004
1.161E-05,0.002
1.162E-05,0.000
1.163E-05,0.002
1.164E-05,0.004
1.165E-05,0.004
1.166E-05,0.002
1.167E-05,0.002
1.168E-05,0.006
1.169E-05,0.002
1.170E-05,0.000
1.171E-05,0.004
1.172E-05,0.004
1.173E-05,0.000
1.174E-05,0.004
1.175E-05,0.004
1.176E-05,0.004
1.177E-05,0.004
1.178E-05,0.002
1.179E-05,0.004
1.180E-05,0.002
1.181E-05,0.002
1.182E-05,0.002
1.183E-05,0.004
1.184E-05,0.004
1.185E-05,0.004
1.186E-05,0.002
1.187E-05,0.002
1.188E-05,0.006
1.189E-05,0.004
1.190E-05,0.002
1.191E-05,0.004
1.192E-05,0.006
1.193E-05,0.000
1.194E-05,0.002
1.195E-05,0.004
1.196E-05,0.004
1.197E-05,0.000
1.198E-05,0.004
1.199E-05,0.004
1.200E-05,0.000
1.201E-05,0.002
1.202E-05,0.002
1.203E-05,0.004
1.204E-05,0.004
1.205E-05,0.004
1.206E-05,0.002
1.207E-05,0.004
1.208E-05,0.004
1.209E-05,-0.002
1.210E-05,0.006
1.211E-05,0.000
1.212E-05,0.006
1.213E-05,0.008
1.214E-05,0.004
1.215E-05,0.002
1.216E-05,0.002
1.217E-05,0.002
1.218E-05,0.000
1.219E-05,0.008
1.220E-05,0.006
1.221E-05,0.002
1.222E-05,0.008
1.223E-05,0.006
1.224E-05,0.004
1.225E-05,0.004
1.226E-05,0.008
1.227E-05,0.000
1.228E-05,0.002
1.229E-05,0.002
1.230E-05,0.004
1.231E-05,0.000
1.232E-05,0.002
1.233E-05,0.002
1.234E-05,0.000
1.235E-05,0.006
1.236E-05,0.002
1.237E-05,0.004
1.238E-05,0.004
1.239E-05,0.004
1.240E-05,0.004
1.241E-05,0.000
1.242E-05,0.004
1.243E-05,0.002
1.244E-05,0.004
1.245E-05,0.006
1.246E-05,0.004
1.247E-05,0.004
1.248E-05,0.004
1.249E-05,0.002
1.250E-05,0.002
1.251E-05,0.006
1.252E-05,0.002
1.253E-05,0.004
1.254E-05,0.004
1.255E-05,0.000
1.256E-05,0.000
1.257E-05,0.004
1.258E-05,0.000
1.259E-05,0.000
1.260E-05,0.002
1.261E-05,0.006
1.262E-05,0.000
1.263E-05,0.002
1.264E-05,0.002
1.265E-05,0.004
1.266E-05,0.000
1.267E-05,0.000
1.268E-05,0.002
1.269E-05,0.000
1.270E-05,0.002
1.271E-05,0.004
1.272E-05,0.004
1.273E-05,0.004
1.274E-05,0.000
1.275E-05,0.000
1.276E-05,0.004
1.277E-05,0.002
1.278E-05,0.002
1.279E-05,0.004
1.280E-05,0.002
1.281E-05,0.002
1.282E-05,0.004
1.283E-05,0.004
1.284E-05,0.002
1.285E-05,0.004
1.286E-05,0.002
1.287E-05,0.004
1.288E-05,0.000
1.289E-05,0.000
1.290E-05,0.002
1.291E-05,0.002
1.292E-05,0.002
1.293E-05,0.002
1.294E-05,0.006
1.295E-05,0.002
1.296E-05,0.004
1.297E-05,0.006
1.298E-05,0.000
1.299E-05,0.002
1.300E-05,0.002
1.301E-05,0.000
1.302E-05,0.000
1.303E-05,0.002
1.304E-05,0.004
1.305E-05,0.002
1.306E-05,0.004
1.307E-05,0.008
1.308E-05,0.002
1.309E-05,0.004
1.310E-05,0.002
1.311E-05,0.002
1.312E-05,0.004
1.313E-05,0.002
1.314E-05,0.000
1.315E-05,0.000
1.316E-05,0.004
1.317E-05,0.002
1.318E-05,0.004
1.319E-05,0.004
1.320E-05,0.000
1.321E-05,0.002
1.322E-05,0.000
1.323E-05,0.002
1.324E-05,0.000
1.325E-05,0.002
1.326E-05,0.004
1.327E-05,0.006
1.328E-05,0.000
1.329E-05,0.002
1.330E-05,0.004
1.331E-05,0.000
1.332E-05,0.002
1.333E-05,0.004
1.334E-05,0.002
